1722258308643 0.6453299428531079 0
1722258309897 0.3798926607034219 1
1722258311133 0.275839961685679 2
1722258312472 0.2253250229175464 3
1722258313705 0.19771476949389333 4
1722258314942 0.17896366028294952 5
1722258316217 0.16450937584292147 6
1722258317390 0.15317127207383202 7
1722258318570 0.1445848323009809 8
1722258319760 0.13423720748647675 9
1722258321066 0.13134739981673785 10
1722258322236 0.12078804499722992 11
1722258323458 0.1169510757628757 12
1722258324760 0.1116989439292556 13
1722258325923 0.10551121021810539 14
1722258327169 0.10333726261768948 15
1722258328400 0.09960055367789868 16
1722258329763 0.09450992086924455 17
1722258330939 0.0915282983947214 18
1722258332119 0.08997324837088339 19
1722258333295 0.08663962101472142 20
1722258334469 0.08452910064693725 21
1722258335644 0.08466279579375079 22
1722258336823 0.0784207937286588 23
1722258337991 0.0774237972136926 24
1722258339149 0.0758284217740892 25
1722258340351 0.07269482223239511 26
1722258341504 0.07403789378317953 27
1722258342685 0.06935440410688286 28
1722258343850 0.0704653247138458 29
1722258345020 0.0682249614286044 30
1722258346184 0.06877663706100742 31
1722258347341 0.06568119093837504 32
1722258348569 0.06355416149938611 33
1722258349738 0.06247566562474669 34
1722258350868 0.06557336723358931 35
1722258352156 0.05812473760853776 36
1722258353337 0.05931900528265526 37
1722258354490 0.056141502208952414 38
1722258355615 0.05476385891081148 39
1722258356777 0.05639283377577492 40
1722258357999 0.05672983583522839 41
1722258359208 0.05407120892593093 42
1722258360364 0.05487107970926958 43
1722258361552 0.05258331708822343 44
1722258362821 0.050629170003913676 45
1722258364206 0.05113376902059001 46
1722258365561 0.05088059796897514 47
1722258366775 0.04885177748534134 48
1722258367976 0.0471597603850158 49
