1720370974407 11.67990493774414 0
1720370974412 6.6444807052612305 1
1720370974415 3.8130478858947754 2
1720370974417 2.220149278640747 3
1720370974420 1.3232638835906982 4
1720370974422 0.817532479763031 5
1720370974425 0.5316451787948608 6
1720370974428 0.3693368434906006 7
1720370974431 0.27651238441467285 8
1720370974433 0.22277309000492096 9
1720370974436 0.1910361349582672 10
1720370974439 0.17170116305351257 11
1720370974441 0.15937255322933197 12
1720370974443 0.15101739764213562 13
1720370974447 0.14493051171302795 14
1720370974450 0.14015281200408936 15
1720370974453 0.13614454865455627 16
1720370974456 0.1326015293598175 17
1720370974458 0.12935203313827515 18
1720370974461 0.12629875540733337 19
1720370974464 0.12338624149560928 20
1720370974468 0.12058255821466446 21
1720370974470 0.11786904186010361 22
1720370974472 0.11523451656103134 23
1720370974475 0.11267191171646118 24
1720370974478 0.11017666012048721 25
1720370974480 0.1077454537153244 26
1720370974483 0.10537580400705338 27
1720370974487 0.10306572914123535 28
1720370974489 0.10081342607736588 29
1720370974491 0.09861729294061661 30
1720370974494 0.09647588431835175 31
1720370974498 0.09438776224851608 32
1720370974501 0.09235156327486038 33
1720370974505 0.09036602079868317 34
1720370974509 0.08842982351779938 35
1720370974512 0.08654174953699112 36
1720370974514 0.08470062166452408 37
1720370974518 0.08290525525808334 38
1720370974521 0.0811544880270958 39
1720370974525 0.07944726198911667 40
1720370974529 0.07778245210647583 41
1720370974531 0.0761590451002121 42
1720370974534 0.07457596063613892 43
1720370974537 0.07303225249052048 44
1720370974540 0.0715269073843956 45
1720370974544 0.07005896419286728 46
1720370974548 0.06862752139568329 47
1720370974552 0.06723164767026901 48
1720370974555 0.06587046384811401 49
1720370974574 0.06454313546419144 50
1720370974577 0.06324879825115204 51
1720370974580 0.061986617743968964 52
1720370974583 0.06075580045580864 53
1720370974586 0.05955559387803078 54
1720370974588 0.058385204523801804 55
1720370974592 0.05724390596151352 56
1720370974595 0.05613098293542862 57
1720370974600 0.055045709013938904 58
1720370974612 0.053987421095371246 59
1720370974619 0.05295544117689133 60
1720370974626 0.05194910615682602 61
1720370974631 0.050967779010534286 62
1720370974636 0.05001084506511688 63
1720370974639 0.04907771572470665 64
1720370974643 0.04816775396466255 65
1720370974649 0.04728040099143982 66
1720370974653 0.04641512408852577 67
1720370974656 0.045571357011795044 68
1720370974659 0.04474855586886406 69
1720370974664 0.043946195393800735 70
1720370974667 0.04316379129886627 71
1720370974670 0.04240083321928978 72
1720370974673 0.04165683686733246 73
1720370974677 0.0409313403069973 74
1720370974680 0.0402238555252552 75
1720370974682 0.039533961564302444 76
1720370974685 0.038861215114593506 77
1720370974689 0.03820520266890526 78
1720370974692 0.03756548464298248 79
1720370974695 0.03694168105721474 80
1720370974699 0.036333370953798294 81
1720370974702 0.03574018180370331 82
1720370974705 0.03516172990202904 83
1720370974709 0.03459766134619713 84
1720370974712 0.03404761478304863 85
1720370974714 0.03351123258471489 86
1720370974717 0.03298818692564964 87
1720370974720 0.03247814252972603 88
1720370974724 0.03198077157139778 89
1720370974727 0.03149576857686043 90
1720370974730 0.031022824347019196 91
1720370974734 0.030561625957489014 92
1720370974736 0.03011189214885235 93
1720370974738 0.02967333234846592 94
1720370974741 0.029245685786008835 95
1720370974745 0.028828654438257217 96
1720370974749 0.028421998023986816 97
1720370974752 0.028025442734360695 98
1720370974756 0.027638757601380348 99
