1722255211370 0.1476459308552981 0
1722255215092 0.08449186359975565 1
1722255218654 0.07870718170464955 2
1722255222217 0.07558506134427226 3
1722255225885 0.06569789446268937 4
1722255229760 0.05820318510470598 5
1722255233374 0.05488251934982379 6
1722255237047 0.0566299320517828 7
1722255240850 0.048105729591700314 8
1722255244873 0.04507693271555535 9
1722255249295 0.0406444390477914 10
1722255253691 0.04682220891423612 11
1722255257393 0.03965276510598972 12
1722255261028 0.03733457044488103 13
1722255264667 0.04082461229976292 14
1722255268262 0.0350182920300658 15
1722255271809 0.036272696752510956 16
1722255275364 0.03251297492389182 17
1722255279396 0.03184356671994244 18
1722255283423 0.03179181682145661 19
1722255287097 0.028949791825426466 20
1722255291130 0.0274936410853682 21
1722255294816 0.027020665564833388 22
1722255298389 0.037337449420918316 23
1722255301989 0.028764782922461107 24
1722255305598 0.03033869271950632 25
1722255309166 0.02882429025134487 26
1722255312968 0.03012629319384419 27
1722255316577 0.033214983433366665 28
1722255320152 0.026316637654154026 29
1722255323796 0.024791264127903917 30
1722255327363 0.02146713709984759 31
1722255330898 0.02919886461802456 32
1722255334369 0.030895361678420396 33
1722255337851 0.03193926554159722 34
1722255341384 0.028144964424256725 35
1722255344918 0.024000821510127848 36
1722255348607 0.021946752584709666 37
1722255352535 0.023930291723066908 38
1722255356142 0.021877731879273447 39
1722255359661 0.0117289882102895 40
1722255363206 0.014557405819819201 41
1722255366756 0.012623631874167884 42
1722255370294 0.027198322201438765 43
1722255373815 0.020111504500650853 44
1722255377373 0.016122181134652573 45
1722255380989 0.018838377415675858 46
1722255384656 0.027755866384291623 47
1722255389031 0.036363987334859335 48
1722255393162 0.033864508272089006 49
1722255396720 0.018736943473582377 50
1722255400486 0.0186587468926584 51
1722255404140 0.01633056983392878 52
1722255407710 0.013256133882194742 53
1722255411255 0.018817492730644078 54
1722255415140 0.016751717849073477 55
1722255419115 0.017024738364340344 56
1722255422724 0.012972838405028895 57
1722255426219 0.02113486417737923 58
1722255429761 0.014876740958022657 59
1722255433305 0.012322073419795644 60
1722255436929 0.01967681863283611 61
1722255440461 0.011031008385182292 62
1722255443958 0.023211900513038456 63
1722255447546 0.01650237878337451 64
1722255451855 0.015183259884355147 65
1722255455559 0.012494848546887 66
1722255459073 0.019554443420024346 67
1722255462573 0.017354574272554785 68
1722255466112 0.021273339544607067 69
1722255469618 0.02760797306046757 70
1722255473195 0.023752925649576085 71
1722255476785 0.025608990418860934 72
1722255480635 0.025181379172200907 73
1722255484704 0.02114471197761936 74
1722255488599 0.020985852184613286 75
1722255492143 0.025480637320443894 76
1722255495662 0.0230771031268803 77
1722255499173 0.020542378852407953 78
1722255502701 0.020155204957508856 79
1722255506497 0.01786602381480132 80
1722255510431 0.013731809121002869 81
1722255514055 0.021502045550107173 82
1722255517585 0.02132618282703296 83
1722255521156 0.024313262760757556 84
1722255524713 0.019813646628817135 85
1722255528192 0.011846699252178012 86
1722255531714 0.011080656164472364 87
1722255535269 0.01651809798445071 88
1722255538775 0.012505175367233444 89
1722255542507 0.01954082119345512 90
1722255546093 0.023376208267838375 91
1722255549582 0.01639694684796052 92
1722255553137 0.023784887899910512 93
1722255556712 0.01792950341527041 94
1722255560246 0.015006549125677192 95
1722255563736 0.014728429847953516 96
1722255567227 0.011942373944832498 97
1722255570717 0.010265645524575352 98
1722255574390 0.011078993093897713 99
