1722257652446 0.34361768228168665 0
1722257654418 0.14542021036104327 1
1722257656538 0.11347678607126126 2
1722257658566 0.0941521302650391 3
1722257660715 0.08387709780176611 4
1722257662838 0.0715647561215424 5
1722257664898 0.06681776618894734 6
1722257667031 0.06561549477494046 7
1722257669314 0.06208444071846461 8
1722257671673 0.05617331171144869 9
1722257673816 0.05468130370039455 10
1722257675828 0.05372419649842201 11
1722257677802 0.050966167954354574 12
1722257679951 0.05006034776087232 13
1722257682282 0.049412521289057154 14
1722257684562 0.04926172835905793 15
1722257686714 0.04647139952190129 16
1722257688694 0.04530325008755988 17
1722257690742 0.044365501016805545 18
1722257693037 0.04069143813014985 19
