1722255112919 0.14653354653925543 0
1722255117157 0.09576772191202963 1
1722255121152 0.08765085818488205 2
1722255124894 0.08590344489238316 3
1722255128560 0.07873857052467005 4
1722255132516 0.0778873912384436 5
1722255136339 0.06833371160057537 6
1722255140474 0.08052515587829757 7
1722255145182 0.08594974425083059 8
1722255148674 0.08151723392934322 9
1722255152947 0.06655627690664774 10
1722255156573 0.06247743618121508 11
1722255160514 0.06421461615063657 12
1722255164261 0.0729384230653397 13
1722255167878 0.060900273905725104 14
1722255171733 0.06126292389670383 15
1722255175504 0.0576538359165768 16
1722255179112 0.04762561416661615 17
