1722257903944 0.35410984464927653 0
1722257905772 0.2678345999112917 1
1722257907605 0.21677037134851493 2
1722257909480 0.1905485273483112 3
1722257911443 0.17609224745084165 4
1722257913308 0.16258640778515546 5
1722257915118 0.15631779160030845 6
1722257916905 0.14879379652670846 7
1722257918813 0.14209585101251218 8
1722257920650 0.1361025044968906 9
1722257922523 0.1308929288035805 10
1722257924339 0.1265856762857475 11
1722257926122 0.12355974285011463 12
1722257927883 0.11807635678948156 13
1722257929635 0.11692337677760191 14
1722257931379 0.10982328014162986 15
1722257933124 0.10848273282079082 16
1722257934848 0.10356606932897638 17
1722257936584 0.10215055478080282 18
1722257938304 0.100991348333128 19
1722257940046 0.0958021433042638 20
1722257941791 0.09315743479132138 21
1722257943509 0.09392302502168623 22
1722257945241 0.09116150476482326 23
1722257946993 0.08677021413140913 24
1722257948720 0.08709087226288324 25
1722257950457 0.08451721955562293 26
1722257952202 0.08386365812772956 27
1722257953921 0.0815407117441788 28
1722257955635 0.08045138709956018 29
1722257957373 0.08187092111309746 30
1722257959110 0.07796841703369464 31
1722257960841 0.07839318101109875 32
1722257962584 0.07874682656436402 33
1722257964322 0.07690178467457086 34
1722257966027 0.07499629552706888 35
1722257967751 0.07326493993790074 36
1722257969434 0.0708477744817196 37
1722257971126 0.0732145288284013 38
1722257972819 0.07143166658046064 39
1722257974581 0.06807565007907515 40
1722257976319 0.06804618350691878 41
1722257978038 0.06932418166554112 42
1722257979760 0.06574614489320141 43
1722257981508 0.06575639626328716 44
1722257983264 0.06580988603026998 45
1722257984994 0.06657017629765369 46
1722257986715 0.06587682009010895 47
1722257988420 0.06301727765591172 48
1722257990117 0.06451291048764524 49
1722257991807 0.06332770689094526 50
1722257993493 0.06382073248823243 51
1722257995194 0.06285862450281576 52
1722257996920 0.05796710405247217 53
1722257998642 0.06184581401634867 54
1722258000366 0.060281624214376654 55
1722258002090 0.058931575192933336 56
1722258003792 0.060176321017623276 57
1722258005504 0.059466051997752296 58
1722258007203 0.056834152519980814 59
1722258008916 0.05807247350066051 60
1722258010632 0.055860794169120355 61
1722258012308 0.0567754356033278 62
1722258014096 0.05576787562276946 63
1722258015810 0.05565750200582526 64
1722258017536 0.054814952042097256 65
1722258019302 0.056611294489391846 66
1722258021022 0.05613445120256833 67
1722258022744 0.05712029872006383 68
1722258024475 0.05341125966119367 69
1722258026191 0.05458345196281092 70
1722258027915 0.05230403363709828 71
1722258029585 0.05235123593682474 72
1722258031309 0.052664864959494066 73
1722258033016 0.051148471046329844 74
1722258034723 0.05117449751585346 75
1722258036402 0.05282834791109555 76
1722258038115 0.05317959301057895 77
1722258039859 0.050629441842193625 78
1722258041620 0.05134755292589894 79
1722258043339 0.05042764454892835 80
1722258045087 0.0496339521150019 81
1722258046845 0.049554374314068804 82
1722258048513 0.05024898586982253 83
1722258050208 0.0510108483396567 84
1722258051917 0.05092401701286036 85
1722258053603 0.05000343822081757 86
1722258055287 0.047452074249309285 87
1722258056994 0.05075805332332185 88
1722258058718 0.0490696866787678 89
1722258060491 0.046716230318524066 90
1722258062193 0.04621169049961181 91
1722258063901 0.04643569817723769 92
1722258065625 0.04657417235365599 93
1722258067362 0.04870373341077181 94
1722258069073 0.0471957878553328 95
1722258070789 0.04722267746194577 96
1722258072505 0.04721181072356468 97
1722258074221 0.045757723999862804 98
1722258075948 0.04637823707871673 99
