1722260303904 0.297816653650539 0
1722260304445 0.10444762647033581 1
1722260304971 0.10022339200884994 2
1722260305526 0.09020401721334874 3
1722260306078 0.08826231083956032 4
1722260306636 0.08002518685452577 5
1722260307174 0.077284069887186 6
1722260307687 0.07569384252859343 7
1722260308205 0.07099322992822622 8
1722260308782 0.06537345957903228 9
1722260309364 0.06360509763535308 10
1722260309891 0.06274348455576921 11
1722260310410 0.05953345346283679 12
1722260310952 0.055064016354529684 13
1722260311515 0.05954515481050244 14
1722260312055 0.05928025777885754 15
1722260312617 0.05437473817196942 16
1722260313135 0.053870971572407375 17
1722260313661 0.05244393177372951 18
1722260314210 0.04927803841542547 19
1722260314745 0.04822113358984492 20
1722260315292 0.05631240228799892 21
1722260315820 0.04974257351807765 22
1722260316344 0.04819436958875038 23
1722260316907 0.04521627602725642 24
1722260317448 0.04493411160147349 25
1722260317970 0.0487610067510593 26
1722260318501 0.044027695725967056 27
1722260319011 0.04177359670549863 28
1722260319530 0.04384545339559298 29
1722260320089 0.03897033958785728 30
1722260320602 0.04535888812810151 31
1722260321109 0.06756554062920024 32
1722260321604 0.0611211066435816 33
1722260322099 0.05835135587227507 34
