1720676230930 0.38040029776057704 1
1720676242441 0.31742922029000625 2
1720676254100 0.29737300231835445 3
1720676265949 0.28360637179070197 4
1720676277739 0.2701712628334423 5
1720676289537 0.25678193867448085 6
1720676301161 0.2473297281000564 7
1720676312922 0.23558690493844897 8
1720676324843 0.22844338283015225 9
1720676336554 0.22940831738893952 10
1720676348164 0.22382796261115437 11
1720676359689 0.21937864537032342 12
1720676371348 0.2176718171015744 13
1720676382882 0.21547319344463767 14
1720676394508 0.21425061986405808 15
1720676406155 0.21104783043627606 16
1720676417708 0.2110750932240409 17
1720676429304 0.2076236302766653 18
1720676440956 0.20853082356760141 19
1720676452707 0.20468298244611563 20
1720676464477 0.20390204737503292 21
1720676476061 0.20119643599954184 22
1720676487722 0.20220763465960176 23
1720676499349 0.20230989919634268 24
1720676511070 0.20026699578935941 25
1720676522728 0.19902377483379127 26
1720676534408 0.19740711393821955 27
1720676546071 0.19829236948847578 28
1720676557773 0.19709528618442373 29
1720676569409 0.19599622356640461 30
1720676581215 0.19614335073571731 31
1720676592864 0.17785179742779492 32
1720676604277 0.17218885952350194 33
1720676615914 0.17190385748250364 34
1720676627631 0.16980066443016115 35
1720676639294 0.16881850364722154 36
1720676650741 0.16840223071181987 37
1720676662273 0.16697896845288562 38
1720676673954 0.1664866661571413 39
1720676685803 0.1667773918066071 40
1720676697659 0.16601961096763804 41
1720676709442 0.16571438901090157 42
1720676721217 0.16518360927604392 43
1720676732926 0.16440101549922936 44
1720676744742 0.16404985914933623 45
1720676756586 0.16387544487341876 46
1720676768447 0.1633345879735108 47
1720676780141 0.16328202716076393 48
1720676791836 0.16280870206497092 49
1720676803535 0.16277985025311983 50
