1722257375427 0.28715158527692225 0
1722257377520 0.1385323418980743 1
1722257379643 0.10779997550994493 2
1722257381718 0.09152606226397063 3
1722257384071 0.08158494235230139 4
1722257386496 0.07181792169361612 5
1722257388658 0.06438596388754492 6
1722257390653 0.06189577017661986 7
1722257392660 0.0577951113236198 8
1722257394680 0.053721143591822874 9
1722257396677 0.05274525814323182 10
1722257398681 0.05111923178249722 11
1722257400699 0.051055127871725364 12
1722257402718 0.04678217041288668 13
1722257404725 0.045748025967743224 14
1722257406881 0.045865287440757414 15
1722257408984 0.04479353547680359 16
1722257411048 0.04340620794687488 17
1722257413146 0.04142507726828029 18
1722257415386 0.04174175618052035 19
1722257417472 0.03879384472940463 20
1722257419550 0.03888364120763991 21
1722257421619 0.038248165538417124 22
1722257423647 0.03589222181145828 23
1722257425644 0.034524040532439425 24
1722257427640 0.03422293039445658 25
1722257429642 0.03604001171248134 26
1722257431618 0.03332667741057691 27
1722257433942 0.030089672077836367 28
1722257436123 0.0346404239845719 29
