1722583442215 7.412553787231445 0
1722583443219 4.120323657989502 1
1722583444223 2.3150808811187744 2
1722583445226 1.3245741128921509 3
1722583446231 0.780486524105072 4
1722583447235 0.4810224771499634 5
1722583448239 0.3156205713748932 6
1722583449243 0.22370502352714539 7
1722583450248 0.17208653688430786 8
1722583451252 0.14258015155792236 9
1722583452255 0.12522177398204803 10
1722583453259 0.11455134302377701 11
1722583454264 0.10757651180028915 12
1722583455268 0.10265696793794632 13
1722583456273 0.0988931879401207 14
1722583457277 0.09579150378704071 15
1722583458280 0.09308072924613953 16
1722583459284 0.09061145782470703 17
1722583460288 0.08830113708972931 18
1722583461292 0.08610380440950394 19
1722583462298 0.08399356156587601 20
1722583463302 0.08195555955171585 21
1722583464305 0.0799809992313385 22
1722583465309 0.07806438207626343 23
1722583466314 0.07620209455490112 24
1722583467320 0.07439157366752625 25
1722583468325 0.07263075560331345 26
1722583469328 0.07091797143220901 27
1722583470334 0.06925176084041595 28
1722583471339 0.06763073801994324 29
1722583472342 0.06605362147092819 30
1722583473389 0.06451922655105591 31
1722583474392 0.06302633136510849 32
1722583475396 0.06157384067773819 33
1722583476401 0.06016063690185547 34
1722583477405 0.05878567695617676 35
1722583478409 0.05744791403412819 36
1722583479413 0.05614633485674858 37
1722583480419 0.05487995967268944 38
1722583481425 0.053647831082344055 39
1722583482445 0.05244904384016991 40
1722583483450 0.05128268152475357 41
1722583484455 0.050147879868745804 42
1722583485461 0.049043770879507065 43
1722583486464 0.0479695163667202 44
1722583487469 0.046924322843551636 45
1722583488473 0.0459074005484581 46
1722583489478 0.0449179969727993 47
1722583490481 0.04395534098148346 48
1722583491486 0.04301872104406357 49
1722583492489 0.04210745170712471 50
1722583493493 0.04122081771492958 51
1722583494497 0.04035818576812744 52
1722583495501 0.03951888158917427 53
1722583496505 0.03870227187871933 54
1722583497510 0.03790775686502457 55
1722583498513 0.03713473677635193 56
1722583499518 0.03638261929154396 57
1722583500522 0.03565085306763649 58
1722583501527 0.03493887558579445 59
1722583502531 0.034246157854795456 60
1722583503535 0.033572182059288025 61
1722583504539 0.032916437834501266 62
1722583505544 0.03227842599153519 63
1722583506549 0.03165768086910248 64
1722583507553 0.03105372190475464 65
1722583508556 0.030466096475720406 66
1722583509561 0.02989436872303486 67
1722583510565 0.029338106513023376 68
1722583511569 0.028796887025237083 69
1722583512573 0.028270315378904343 70
1722583513579 0.027757985517382622 71
1722583514584 0.02725951373577118 72
1722583516132 0.02677452377974987 73
1722583518984 0.026302650570869446 74
1722583520839 0.025843538343906403 75
1722583521843 0.02539685182273388 76
1722583522848 0.024962253868579865 77
1722583523854 0.02453939989209175 78
1722583524858 0.024127986282110214 79
1722583525862 0.023727713152766228 80
1722583526866 0.023338256403803825 81
1722583527871 0.022959332913160324 82
1722583528875 0.02259066328406334 83
1722583529878 0.022231964394450188 84
1722583530882 0.021882973611354828 85
1722583531887 0.021543418988585472 86
1722583532892 0.021213045343756676 87
1722583533895 0.020891614258289337 88
1722583534900 0.02057887613773346 89
1722583535904 0.020274601876735687 90
1722583536907 0.01997855305671692 91
1722583537913 0.019690511748194695 92
1722583539698 0.019410260021686554 93
1722583540703 0.019137589260935783 94
1722583542699 0.018872300162911415 95
1722583543703 0.018614178523421288 96
1722583544708 0.018363043665885925 97
1722583545712 0.01811870187520981 98
1722583546716 0.017880966886878014 99
1722583547720 0.01764966920018196 100
1722583548724 0.01742462068796158 101
1722583549728 0.01720566861331463 102
1722583550732 0.016992636024951935 103
1722583551737 0.016785364598035812 104
1722583552742 0.016583703458309174 105
1722583553745 0.016387494280934334 106
1722583554750 0.016196588054299355 107
1722583555754 0.016010848805308342 108
1722583556759 0.015830138698220253 109
1722583557763 0.015654312446713448 110
1722583558766 0.01548323780298233 111
1722583559771 0.015316798351705074 112
1722583560775 0.01515485905110836 113
1722583561795 0.014997296035289764 114
1722583562801 0.014844001270830631 115
1722583563805 0.014694851823151112 116
1722583564809 0.014549731276929379 117
1722583565813 0.014408539980649948 118
1722583566818 0.014271166175603867 119
1722583567822 0.01413751021027565 120
1722583568826 0.014007467776536942 121
1722583569830 0.013880942948162556 122
1722583570835 0.013757845386862755 123
1722583571838 0.01363807637244463 124
1722583572842 0.013521543703973293 125
1722583573847 0.01340816356241703 126
1722583574850 0.013297855854034424 127
1722583575855 0.013190521858632565 128
1722583576859 0.013086099177598953 129
1722583577863 0.012984498403966427 130
1722583578867 0.012885644100606441 131
1722583579872 0.012789466418325901 132
1722583580876 0.012695889919996262 133
1722583581879 0.012604844756424427 134
1722583582883 0.012516261078417301 135
1722583583888 0.012430076487362385 136
1722583584950 0.012346221134066582 137
1722583586017 0.012264633551239967 138
1722583587022 0.012185253202915192 139
1722583588133 0.012108019553124905 140
1722583589138 0.01203287485986948 141
1722583590143 0.011959762312471867 142
1722583591202 0.011888634413480759 143
1722583592208 0.011819425970315933 144
1722583593214 0.011752085760235786 145
1722583594219 0.011686572805047035 146
1722583595226 0.011622829362750053 147
1722583596231 0.011560811661183834 148
1722583597235 0.011500473134219646 149
1722583598239 0.011441758833825588 150
1722583599244 0.011384635232388973 151
1722583600248 0.011329062283039093 152
1722583601252 0.011274990625679493 153
1722583602256 0.011222376488149166 154
1722583603259 0.011171187274158001 155
1722583604264 0.011121383868157864 156
1722583605268 0.01107292901724577 157
1722583606272 0.011025785468518734 158
1722583607276 0.010979919694364071 159
1722583608280 0.010935288853943348 160
1722583609284 0.01089186780154705 161
1722583610288 0.010849624872207642 162
1722583611292 0.010808521881699562 163
1722583612297 0.010768529959022999 164
1722583613301 0.01072961650788784 165
1722583614304 0.010691758245229721 166
1722583615308 0.010654929094016552 167
1722583616313 0.01061908807605505 168
1722583617317 0.010584221221506596 169
1722583618322 0.010550295934081078 170
1722583619329 0.010517287068068981 171
1722583620334 0.01048517320305109 172
1722583621338 0.010453923605382442 173
1722583622343 0.010423525236546993 174
1722583623346 0.010393948294222355 175
1722583624350 0.010365170426666737 176
1722583625354 0.010337171144783497 177
1722583626358 0.01030992902815342 178
1722583627362 0.010283422656357288 179
1722583628366 0.01025763526558876 180
1722583629370 0.010232542641460896 181
1722583630374 0.010208128951489925 182
1722583631378 0.010184381157159805 183
1722583632382 0.010161271318793297 184
1722583633387 0.01013878732919693 185
1722583634390 0.010116913355886936 186
1722583635394 0.01009562611579895 187
1722583636398 0.010074922814965248 188
1722583637402 0.010054771788418293 189
1722583638406 0.010035170242190361 190
1722583639410 0.010016092099249363 191
1722583640415 0.009997537359595299 192
1722583641418 0.009979481808841228 193
1722583642422 0.009961914271116257 194
1722583643426 0.009944823570549488 195
1722583644430 0.009928193874657154 196
1722583645433 0.009912014938890934 197
1722583646437 0.00989627093076706 198
1722583647442 0.009880956262350082 199
1722583648446 0.009866057895123959 200
1722583649450 0.009851556271314621 201
1722583650454 0.00983744952827692 202
1722583651459 0.009823727421462536 203
1722583652463 0.009810371324419975 204
1722583653467 0.009797380305826664 205
1722583654472 0.009784739464521408 206
1722583655475 0.009772442281246185 207
1722583656479 0.009760472923517227 208
1722583657484 0.009748835116624832 209
1722583658489 0.009737503714859486 210
1722583659493 0.009726484306156635 211
1722583660497 0.009715761989355087 212
1722583661500 0.009705327451229095 213
1722583662504 0.009695176035165787 214
1722583663509 0.009685301221907139 215
1722583664512 0.009675692766904831 216
1722583665517 0.009666342288255692 217
1722583666521 0.009657245129346848 218
1722583667525 0.009648393839597702 219
1722583668529 0.009639783762395382 220
1722583669532 0.009631408378481865 221
1722583670536 0.009623256511986256 222
1722583671540 0.009615326300263405 223
1722583672545 0.009607612155377865 224
1722583673548 0.009600103832781315 225
1722583674552 0.009592796675860882 226
1722583675556 0.009585689753293991 227
1722583676560 0.009578775614500046 228
1722583677564 0.009572048671543598 229
1722583678568 0.00956550519913435 230
1722583679572 0.009559135884046555 231
1722583680576 0.009552938863635063 232
1722583681579 0.009546911343932152 233
1722583682584 0.009541045874357224 234
1722583683588 0.009535337798297405 235
1722583684592 0.009529785253107548 236
1722583685596 0.009524382650852203 237
1722583686601 0.009519127197563648 238
1722583687604 0.009514015167951584 239
1722583688608 0.00950903631746769 240
1722583689612 0.009504196234047413 241
1722583690617 0.009499483741819859 242
1722583691620 0.009494902566075325 243
1722583692625 0.009490441530942917 244
1722583693629 0.009486105293035507 245
1722583694634 0.00948188453912735 246
1722583695638 0.009477777406573296 247
1722583696642 0.009473782032728195 248
1722583697646 0.0094698965549469 249
1722583698650 0.009466112591326237 250
1722583699654 0.009462432935833931 251
1722583700658 0.009458853863179684 252
1722583701662 0.009455369785428047 253
1722583702668 0.009451976977288723 254
1722583703671 0.009448680095374584 255
1722583704676 0.009445472620427608 256
1722583705681 0.009442348033189774 257
1722583706686 0.009439313784241676 258
1722583707691 0.009436357766389847 259
1722583708694 0.009433479979634285 260
1722583709699 0.009430687874555588 261
1722583710704 0.009427963756024837 262
1722583711707 0.00942531693726778 263
1722583712711 0.009422737173736095 264
1722583713715 0.00942023191601038 265
1722583714720 0.009417793713510036 266
1722583715724 0.009415416978299618 267
1722583716728 0.00941311102360487 268
1722583717733 0.009410864673554897 269
1722583718736 0.009408678859472275 270
1722583719741 0.009406550787389278 271
1722583720982 0.009404483251273632 272
1722583721986 0.009402469731867313 273
1722583722990 0.009400511160492897 274
1722583723995 0.009398608468472958 275
1722583724998 0.009396754205226898 276
1722583726003 0.009394947439432144 277
1722583727006 0.009393192827701569 278
1722583728010 0.00939148385077715 279
1722583729014 0.009389824233949184 280
1722583730018 0.009388208389282227 281
1722583731022 0.009386636316776276 282
1722583732026 0.009385106153786182 283
1722583733030 0.009383615106344223 284
1722583734033 0.00938216783106327 285
1722583735037 0.009380755014717579 286
1722583736178 0.009379389695823193 287
1722583737434 0.009378049522638321 288
1722583738437 0.009376754984259605 289
1722583739442 0.009375492110848427 290
1722583740446 0.00937426183372736 291
1722583741450 0.009373066946864128 292
1722583742455 0.009371903724968433 293
1722583743459 0.009370771236717701 294
1722583744464 0.009369670413434505 295
1722583745467 0.009368601255118847 296
1722583746471 0.009367558173835278 297
1722583747475 0.009366542100906372 298
1722583748479 0.00936555489897728 299
1722583749482 0.009364595636725426 300
1722583750486 0.009363663382828236 301
1722583751490 0.009362753480672836 302
1722583752495 0.0093618705868721 303
1722583753549 0.009361010044813156 304
1722583754553 0.009360171854496002 305
1722583755557 0.009359356015920639 306
1722583756561 0.009358566254377365 307
1722583757565 0.009357794187963009 308
1722583758570 0.009357043541967869 309
1722583760462 0.009356312453746796 310
1722583761465 0.009355605579912663 311
1722583762471 0.009354913607239723 312
1722583763475 0.00935424119234085 313
1722583765463 0.00935358740389347 314
1722583766642 0.009352950379252434 315
1722583767645 0.00935233011841774 316
1722583768649 0.009351728484034538 317
1722583769653 0.009351142682135105 318
1722583770657 0.009350571781396866 319
1722583771662 0.00935001764446497 320
1722583772665 0.009349476546049118 321
1722583773669 0.009348954074084759 322
1722583774674 0.009348442777991295 323
1722583775677 0.009347944520413876 324
1722583776682 0.009347462095320225 325
1722583777686 0.00934698898345232 326
1722583778689 0.009346532635390759 327
1722583779693 0.009346088394522667 328
1722583780697 0.009345656260848045 329
1722583781701 0.009345232509076595 330
1722583782705 0.00934482179582119 331
1722583783709 0.009344423189759254 332
1722583784713 0.009344035759568214 333
1722583785717 0.009343655779957771 334
1722583786721 0.009343288838863373 335
1722583787725 0.009342932142317295 336
1722583788729 0.009342582896351814 337
1722583789732 0.009342244826257229 338
1722583790736 0.009341917932033539 339
1722583791740 0.009341593831777573 340
1722583792745 0.009341280907392502 341
1722583793748 0.009340979158878326 342
1722583794752 0.009340686723589897 343
1722583795755 0.009340395219624043 344
1722583796761 0.009340115822851658 345
1722583797764 0.009339844807982445 346
1722583798768 0.009339580312371254 347
1722583799772 0.00933932140469551 348
1722583800776 0.009339074604213238 349
1722583801779 0.009338832460343838 350
1722583802784 0.009338590316474438 351
1722583803788 0.009338361211121082 352
1722583804791 0.0093381367623806 353
1722583805796 0.009337916038930416 354
1722583806799 0.009337707422673702 355
1722583807803 0.009337501600384712 356
1722583808807 0.009337298572063446 357
1722583809811 0.009337102994322777 358
1722583810816 0.009336909279227257 359
1722583811820 0.009336728602647781 360
1722583812825 0.009336547926068306 361
1722583813829 0.009336370043456554 362
1722583814835 0.009336198680102825 363
1722583815839 0.009336036629974842 364
1722583816845 0.009335871785879135 365
1722583817848 0.009335717186331749 366
1722583818853 0.009335566312074661 367
1722583819857 0.0093354107812047 368
1722583820862 0.009335271082818508 369
1722583821866 0.009335131384432316 370
1722583822870 0.009334993548691273 371
1722583823875 0.009334859438240528 372
1722583824879 0.009334728121757507 373
1722583825882 0.009334603324532509 374
1722583826887 0.009334482252597809 375
1722583827891 0.009334361180663109 376
1722583828896 0.009334241971373558 377
1722583829899 0.009334128350019455 378
1722583830904 0.009334021247923374 379
1722583831907 0.009333913214504719 380
1722583832911 0.009333808906376362 381
1722583833915 0.009333707392215729 382
1722583834918 0.009333610534667969 383
1722583835923 0.009333515539765358 384
1722583836926 0.009333421476185322 385
1722583837931 0.00933333020657301 386
1722583838935 0.009333240799605846 387
1722583839938 0.009333156049251556 388
1722583840943 0.009333070367574692 389
1722583841947 0.009332990273833275 390
1722583842951 0.009332912974059582 391
1722583843956 0.009332834742963314 392
1722583844960 0.00933275930583477 393
1722583845964 0.009332684800028801 394
1722583846969 0.009332617744803429 395
1722583847973 0.009332547895610332 396
1722583849021 0.009332478977739811 397
1722583850024 0.009332415647804737 398
1722583851029 0.009332351386547089 399
1722583852033 0.00933228898793459 400
1722583853037 0.00933222845196724 401
1722583854040 0.009332168847322464 402
1722583855564 0.009332113899290562 403
1722583856570 0.009332056157290936 404
1722583857573 0.009332004934549332 405
1722583858577 0.009331950917840004 406
1722583859581 0.009331902489066124 407
1722583860586 0.009331852197647095 408
1722583862282 0.009331800974905491 409
1722583863285 0.009331755340099335 410
1722583864290 0.009331711567938328 411
1722583865293 0.009331665933132172 412
1722583866297 0.009331620298326015 413
1722583867301 0.009331579320132732 414
1722583868305 0.00933153834193945 415
1722583869309 0.009331495501101017 416
1722583870314 0.009331461042165756 417
1722583871318 0.009331421926617622 418
1722583872321 0.009331386536359787 419
1722583873326 0.009331351146101952 420
1722583874329 0.009331313893198967 421
1722583875333 0.00933128222823143 422
1722583876338 0.009331246837973595 423
1722583877342 0.009331217035651207 424
1722583878345 0.00933118723332882 425
1722583879350 0.009331155568361282 426
1722583880354 0.00933112483471632 427
1722583881358 0.009331095963716507 428
1722583882362 0.009331068024039268 429
1722583883367 0.00933104008436203 430
1722583884371 0.009331016801297665 431
1722583885374 0.009330988861620426 432
1722583886379 0.009330963715910912 433
1722583887383 0.009330939501523972 434
1722583888386 0.009330918081104755 435
1722583889391 0.009330893866717815 436
1722583890394 0.0093308724462986 437
1722583891398 0.00933084823191166 438
1722583892402 0.009330830536782742 439
1722583893406 0.009330807253718376 440
1722583894409 0.00933078583329916 441
1722583895413 0.009330765344202518 442
1722583896417 0.0093307476490736 443
1722583897421 0.009330729022622108 444
1722583898425 0.009330712258815765 445
1722583899429 0.009330692701041698 446
1722583900433 0.009330677799880505 447
1722583901437 0.00933066289871931 448
1722583902440 0.009330646134912968 449
1722583903579 0.009330631233751774 450
1722583904583 0.00933061446994543 451
1722583905588 0.009330600500106812 452
1722583906592 0.009330584667623043 453
1722583907595 0.00933056976646185 454
1722583908599 0.00933055765926838 455
1722583909603 0.00933054182678461 456
1722583910607 0.00933053158223629 457
1722583911611 0.009330514818429947 458
1722583912616 0.00933050736784935 459
1722583913619 0.00933049339801073 460
1722583914623 0.00933048315346241 461
1722583915627 0.009330470114946365 462
1722583916630 0.009330461733043194 463
1722583917635 0.00933044869452715 464
1722583918639 0.009330438449978828 465
1722583919643 0.009330426342785358 466
1722583920647 0.009330419823527336 467
1722583921652 0.00933041051030159 468
1722583922656 0.009330401197075844 469
1722583923660 0.009330390021204948 470
1722583924664 0.0093303844332695 471
1722583925670 0.00933037418872118 472
1722583926674 0.009330364875495434 473
1722583927677 0.009330356493592262 474
1722583928681 0.009330349043011665 475
1722583929685 0.009330342523753643 476
1722583930689 0.009330335073173046 477
1722583931692 0.009330326691269875 478
1722583932697 0.009330320172011852 479
1722583933701 0.00933031365275383 480
1722583935071 0.009330305270850658 481
1722583936074 0.00933030154556036 482
1722583937078 0.009330293163657188 483
1722583938083 0.009330286644399166 484
1722583939086 0.009330281987786293 485
1722583940090 0.00933027546852827 486
1722583941095 0.009330268949270248 487
1722583942098 0.009330264292657375 488
1722583943102 0.009330256842076778 489
1722583944106 0.009330254048109055 490
1722583945110 0.009330247528851032 491
1722583946114 0.00933024287223816 492
1722583947118 0.009330237284302711 493
1722583948122 0.009330237284302711 494
1722583949126 0.009330229833722115 495
1722583950131 0.009330225177109241 496
1722583951135 0.00933021679520607 497
1722583952138 0.00933021679520607 498
1722583953142 0.009330212138593197 499
1722583954147 0.009330207481980324 500
1722583955152 0.00933020655065775 501
1722583956156 0.009330201894044876 502
1722583957161 0.009330199100077152 503
1722583958165 0.00933019444346428 504
1722583959170 0.00933019071817398 505
1722583960174 0.009330186992883682 506
1722583961179 0.009330181404948235 507
1722583962182 0.00933018047362566 508
1722583963186 0.009330173954367638 509
1722583964190 0.009330174885690212 510
1722583965194 0.009330172091722488 511
1722583966198 0.00933016650378704 512
1722583967201 0.00933016650378704 513
1722583968206 0.009330164641141891 514
1722583969210 0.009330159053206444 515
1722583970214 0.009330157190561295 516
1722583971218 0.009330153465270996 517
1722583972222 0.00933015439659357 518
1722583973226 0.009330150671303272 519
1722583974230 0.0093301460146904 520
1722583975234 0.009330145083367825 521
1722583976237 0.009330143220722675 522
1722583977241 0.009330141358077526 523
1722583978245 0.009330139495432377 524
1722583979248 0.009330135770142078 525
1722583980252 0.009330134838819504 526
1722583981256 0.009330134838819504 527
1722583982261 0.00933013018220663 528
1722583983264 0.009330127388238907 529
1722583984269 0.009330125525593758 530
1722583985274 0.009330125525593758 531
1722583986278 0.009330124594271183 532
1722583987281 0.009330122731626034 533
1722583988284 0.00933011993765831 534
1722583989289 0.009330120868980885 535
1722583990294 0.00933011807501316 536
1722583991298 0.00933011807501316 537
1722583992302 0.009330115281045437 538
1722583993307 0.009330115281045437 539
1722583994309 0.009330113418400288 540
1722583995315 0.009330111555755138 541
1722583996319 0.00933010969310999 542
1722583997323 0.009330112487077713 543
1722583998326 0.00933010783046484 544
1722583999330 0.009330105036497116 545
1722584000334 0.009330105036497116 546
1722584001338 0.009330104105174541 547
1722584002343 0.009330105036497116 548
1722584003347 0.009330102242529392 549
1722584004614 0.009330101311206818 550
1722584005617 0.009330099448561668 551
1722584006625 0.009330099448561668 552
1722584007629 0.009330098517239094 553
1722584008633 0.00933009758591652 554
1722584009637 0.009330094791948795 555
1722584010640 0.009330094791948795 556
1722584011644 0.00933009572327137 557
1722584012648 0.00933009386062622 558
1722584013652 0.009330094791948795 559
1722584014657 0.009330092929303646 560
1722584015660 0.009330091066658497 561
1722584016664 0.009330091066658497 562
1722584017668 0.009330090135335922 563
1722584018672 0.009330089204013348 564
1722584019677 0.009330091066658497 565
1722584020680 0.009330088272690773 566
1722584021684 0.009330089204013348 567
1722584022688 0.00933008547872305 568
1722584023692 0.009330087341368198 569
1722584024696 0.009330084547400475 570
1722584025699 0.00933008547872305 571
1722584026704 0.0093300836160779 572
1722584027707 0.009330082684755325 573
1722584028711 0.00933008175343275 574
1722584029715 0.009330082684755325 575
1722584030719 0.009330079890787601 576
1722584031723 0.009330080822110176 577
1722584032727 0.009330082684755325 578
1722584034450 0.00933008175343275 579
1722584035455 0.009330080822110176 580
1722584036459 0.009330079890787601 581
1722584037463 0.009330078028142452 582
1722584038468 0.009330080822110176 583
1722584039472 0.009330077096819878 584
1722584040476 0.009330079890787601 585
1722584041928 0.009330078028142452 586
1722584042933 0.009330079890787601 587
1722584043937 0.009330076165497303 588
1722584044941 0.009330077096819878 589
1722584045945 0.009330076165497303 590
1722584046949 0.009330076165497303 591
1722584047953 0.009330076165497303 592
1722584048958 0.009330077096819878 593
1722584049961 0.009330078028142452 594
1722584050966 0.009330075234174728 595
1722584051969 0.009330076165497303 596
1722584052974 0.009330074302852154 597
1722584053978 0.009330075234174728 598
1722584054981 0.009330076165497303 599
1722584055985 0.009330075234174728 600
1722584056989 0.00933007337152958 601
1722584057993 0.009330076165497303 602
1722584058997 0.009330072440207005 603
1722584060001 0.00933007337152958 604
1722584061005 0.00933007150888443 605
1722584062009 0.00933007337152958 606
1722584063015 0.009330072440207005 607
1722584064019 0.00933007337152958 608
1722584065022 0.00933007150888443 609
1722584066027 0.00933007150888443 610
1722584067031 0.00933006964623928 611
1722584068035 0.00933007150888443 612
1722584069039 0.00933007150888443 613
1722584070044 0.00933007150888443 614
1722584071049 0.009330068714916706 615
1722584072052 0.009330067783594131 616
1722584073056 0.00933006964623928 617
1722584074060 0.009330068714916706 618
1722584075064 0.009330070577561855 619
1722584076068 0.00933007150888443 620
1722584077075 0.00933007150888443 621
1722584078079 0.009330068714916706 622
1722584079083 0.00933006964623928 623
1722584080088 0.009330068714916706 624
1722584081093 0.009330070577561855 625
1722584082097 0.00933006964623928 626
1722584083102 0.009330068714916706 627
1722584084106 0.00933006964623928 628
1722584085111 0.009330068714916706 629
1722584086114 0.009330066852271557 630
1722584087118 0.009330065920948982 631
1722584088122 0.009330068714916706 632
1722584089126 0.009330066852271557 633
1722584090130 0.00933006964623928 634
1722584091134 0.00933006964623928 635
1722584092137 0.009330067783594131 636
1722584093141 0.009330066852271557 637
1722584094146 0.00933006964623928 638
1722584095151 0.00933006964623928 639
1722584096155 0.009330067783594131 640
1722584097159 0.009330068714916706 641
1722584098163 0.009330067783594131 642
1722584099168 0.009330066852271557 643
1722584100172 0.009330067783594131 644
1722584101175 0.009330067783594131 645
1722584102179 0.009330067783594131 646
1722584103182 0.009330066852271557 647
1722584104187 0.009330067783594131 648
1722584105191 0.009330066852271557 649
1722584106194 0.009330066852271557 650
1722584107198 0.009330066852271557 651
1722584108202 0.009330067783594131 652
1722584109206 0.009330067783594131 653
1722584110210 0.009330065920948982 654
1722584111213 0.009330066852271557 655
1722584112218 0.009330066852271557 656
1722584113222 0.009330064989626408 657
1722584114227 0.009330064989626408 658
1722584115230 0.009330066852271557 659
1722584116235 0.009330066852271557 660
1722584117239 0.009330064989626408 661
1722584118243 0.009330066852271557 662
1722584119248 0.009330066852271557 663
1722584120252 0.009330064989626408 664
1722584121256 0.009330066852271557 665
1722584122260 0.009330064989626408 666
1722584123264 0.009330064989626408 667
1722584124268 0.009330066852271557 668
1722584125272 0.009330067783594131 669
1722584126276 0.009330064058303833 670
1722584127279 0.009330064058303833 671
1722584128284 0.009330065920948982 672
1722584129288 0.009330064058303833 673
1722584130293 0.009330063126981258 674
1722584131296 0.009330064989626408 675
1722584132300 0.009330066852271557 676
1722584133304 0.009330064989626408 677
1722584134308 0.009330064989626408 678
1722584135313 0.009330067783594131 679
1722584136317 0.009330066852271557 680
1722584137333 0.009330064989626408 681
1722584138344 0.009330066852271557 682
1722584139348 0.009330064058303833 683
1722584140352 0.009330066852271557 684
1722584141357 0.009330064058303833 685
1722584142360 0.009330064989626408 686
1722584143364 0.009330064989626408 687
1722584144369 0.009330066852271557 688
1722584145371 0.009330067783594131 689
1722584146375 0.009330066852271557 690
1722584147379 0.009330064989626408 691
1722584148383 0.009330066852271557 692
1722584149387 0.009330064989626408 693
1722584150391 0.009330064058303833 694
1722584151395 0.009330064058303833 695
1722584152399 0.009330064989626408 696
1722584153402 0.009330064989626408 697
1722584154407 0.009330065920948982 698
1722584155412 0.009330065920948982 699
1722584156416 0.009330064989626408 700
1722584157421 0.009330065920948982 701
1722584158425 0.009330064058303833 702
1722584159430 0.009330064058303833 703
1722584160434 0.009330066852271557 704
1722584161439 0.009330064058303833 705
1722584162443 0.009330065920948982 706
1722584163448 0.009330063126981258 707
1722584164453 0.009330066852271557 708
1722584165458 0.009330063126981258 709
1722584166462 0.009330066852271557 710
1722584167467 0.009330062195658684 711
1722584168470 0.009330063126981258 712
1722584169474 0.009330067783594131 713
1722584170479 0.009330064989626408 714
1722584171483 0.009330064058303833 715
1722584172487 0.009330064058303833 716
1722584173491 0.009330065920948982 717
1722584174495 0.009330064989626408 718
1722584175499 0.009330063126981258 719
1722584176506 0.009330064058303833 720
1722584177511 0.009330067783594131 721
1722584178515 0.009330066852271557 722
1722584179521 0.009330065920948982 723
1722584180526 0.009330066852271557 724
1722584181530 0.009330064058303833 725
1722584182534 0.009330066852271557 726
1722584183539 0.009330065920948982 727
1722584184542 0.009330064989626408 728
1722584185547 0.009330064989626408 729
1722584186551 0.009330063126981258 730
1722584187555 0.009330065920948982 731
1722584188561 0.009330064989626408 732
1722584189564 0.009330064989626408 733
1722584190568 0.009330064989626408 734
1722584191573 0.009330064989626408 735
1722584192576 0.009330067783594131 736
1722584193581 0.009330064989626408 737
1722584194584 0.009330064989626408 738
1722584195589 0.009330066852271557 739
1722584196593 0.009330064989626408 740
1722584197596 0.009330066852271557 741
1722584198600 0.009330064058303833 742
1722584199604 0.009330067783594131 743
1722584200609 0.009330064989626408 744
1722584201613 0.009330065920948982 745
1722584202619 0.009330066852271557 746
1722584203623 0.009330065920948982 747
1722584204627 0.009330065920948982 748
1722584205631 0.009330066852271557 749
1722584206635 0.009330064058303833 750
1722584207639 0.009330066852271557 751
1722584208643 0.009330064989626408 752
1722584209650 0.009330063126981258 753
1722584210654 0.009330064058303833 754
1722584211659 0.009330064989626408 755
1722584212662 0.009330064058303833 756
1722584213667 0.009330066852271557 757
1722584214671 0.009330063126981258 758
1722584215675 0.009330064989626408 759
1722584216679 0.009330064989626408 760
1722584217682 0.009330062195658684 761
1722584218686 0.009330064989626408 762
1722584219702 0.009330064989626408 763
1722584220707 0.009330063126981258 764
1722584221711 0.009330063126981258 765
1722584222715 0.009330064058303833 766
1722584223719 0.009330067783594131 767
1722584224723 0.009330064989626408 768
1722584225727 0.009330064989626408 769
1722584226731 0.00933006126433611 770
1722584227735 0.009330065920948982 771
1722584228739 0.009330064058303833 772
1722584229743 0.009330064989626408 773
1722584230746 0.009330064058303833 774
1722584231750 0.009330064989626408 775
1722584232754 0.009330064989626408 776
1722584233758 0.009330064989626408 777
1722584234763 0.009330064989626408 778
1722584235766 0.009330064989626408 779
1722584236771 0.009330063126981258 780
1722584237774 0.009330066852271557 781
1722584238778 0.009330065920948982 782
1722584239781 0.009330064989626408 783
1722584240785 0.009330066852271557 784
1722584241791 0.009330065920948982 785
1722584242794 0.009330066852271557 786
1722584243798 0.009330064989626408 787
1722584244802 0.009330063126981258 788
1722584245806 0.009330065920948982 789
1722584247028 0.009330066852271557 790
1722584248033 0.009330065920948982 791
1722584249036 0.009330063126981258 792
1722584250040 0.009330064989626408 793
1722584251045 0.009330065920948982 794
1722584252050 0.009330064989626408 795
1722584253054 0.009330066852271557 796
1722584254057 0.009330066852271557 797
1722584255063 0.009330064058303833 798
1722584256066 0.009330064989626408 799
1722584257069 0.009330064058303833 800
1722584258074 0.009330065920948982 801
1722584259079 0.009330064989626408 802
1722584260083 0.009330063126981258 803
1722584261087 0.009330064989626408 804
1722584262091 0.009330064989626408 805
1722584263096 0.009330064989626408 806
1722584264099 0.009330064058303833 807
1722584265104 0.009330066852271557 808
1722584266108 0.009330064989626408 809
1722584267113 0.009330064058303833 810
1722584268117 0.009330064989626408 811
1722584269121 0.009330064989626408 812
1722584270125 0.009330064058303833 813
1722584271128 0.009330064989626408 814
1722584272132 0.009330066852271557 815
1722584273137 0.009330064989626408 816
1722584274141 0.009330063126981258 817
1722584275146 0.009330064989626408 818
1722584276150 0.009330064989626408 819
1722584277153 0.009330062195658684 820
1722584278157 0.009330064989626408 821
1722584279162 0.009330066852271557 822
1722584280165 0.009330063126981258 823
1722584281168 0.009330063126981258 824
1722584282172 0.009330063126981258 825
1722584283176 0.009330064058303833 826
1722584284179 0.009330064989626408 827
1722584285183 0.009330063126981258 828
1722584286187 0.009330064058303833 829
1722584287191 0.009330064989626408 830
1722584288195 0.009330063126981258 831
1722584289199 0.009330066852271557 832
1722584290203 0.009330064989626408 833
1722584291207 0.009330064989626408 834
1722584292211 0.009330063126981258 835
1722584293215 0.009330064989626408 836
1722584294219 0.009330065920948982 837
1722584295222 0.009330064989626408 838
1722584296227 0.009330064989626408 839
1722584297230 0.009330067783594131 840
1722584298234 0.009330067783594131 841
1722584299238 0.009330067783594131 842
1722584300241 0.009330065920948982 843
1722584301246 0.009330062195658684 844
1722584302251 0.009330062195658684 845
1722584303255 0.009330064058303833 846
1722584304259 0.009330064989626408 847
1722584305263 0.009330066852271557 848
1722584306267 0.009330064989626408 849
1722584307271 0.009330064058303833 850
1722584308275 0.009330065920948982 851
1722584309279 0.009330064989626408 852
1722584311133 0.009330064989626408 853
1722584312137 0.009330066852271557 854
1722584313141 0.009330063126981258 855
1722584314145 0.009330064058303833 856
1722584315150 0.009330064989626408 857
1722584316154 0.009330064989626408 858
1722584317157 0.009330063126981258 859
1722584318161 0.009330064989626408 860
1722584319167 0.009330064989626408 861
1722584320171 0.009330063126981258 862
1722584321176 0.009330065920948982 863
1722584322180 0.009330064989626408 864
1722584323185 0.009330066852271557 865
1722584324188 0.009330064989626408 866
1722584325192 0.009330066852271557 867
1722584326196 0.009330064058303833 868
1722584327200 0.009330064989626408 869
1722584328205 0.009330065920948982 870
1722584329210 0.009330065920948982 871
1722584330214 0.00933006126433611 872
1722584331219 0.009330065920948982 873
1722584332222 0.009330064989626408 874
1722584333228 0.009330066852271557 875
1722584334232 0.009330065920948982 876
1722584335236 0.009330066852271557 877
1722584336242 0.009330064989626408 878
1722584337248 0.009330067783594131 879
1722584338260 0.009330064989626408 880
1722584339264 0.009330064989626408 881
1722584340269 0.009330064989626408 882
1722584341273 0.009330064989626408 883
1722584342277 0.009330064989626408 884
1722584343281 0.009330064989626408 885
1722584344284 0.009330064989626408 886
1722584345289 0.009330064989626408 887
1722584346293 0.009330064989626408 888
1722584347297 0.009330064989626408 889
1722584348300 0.009330064989626408 890
1722584349305 0.009330064989626408 891
1722584350309 0.009330064989626408 892
1722584351312 0.009330064989626408 893
1722584352317 0.009330064989626408 894
1722584353323 0.009330064989626408 895
1722584354328 0.009330064989626408 896
1722584355332 0.009330064989626408 897
1722584356336 0.009330064989626408 898
1722584357341 0.009330064989626408 899
1722584358347 0.009330064989626408 900
1722584359352 0.009330064989626408 901
1722584360356 0.009330064989626408 902
1722584361361 0.009330064989626408 903
1722584362365 0.009330064989626408 904
1722584363369 0.009330064989626408 905
1722584364372 0.009330064989626408 906
1722584365376 0.009330064989626408 907
1722584366379 0.009330064989626408 908
1722584367384 0.009330064989626408 909
1722584368388 0.009330064989626408 910
1722584369394 0.009330064989626408 911
1722584370397 0.009330064989626408 912
1722584371401 0.009330064989626408 913
1722584372405 0.009330064989626408 914
1722584373410 0.009330064989626408 915
1722584374413 0.009330064989626408 916
1722584375417 0.009330064989626408 917
1722584376423 0.009330064989626408 918
1722584377427 0.009330064989626408 919
1722584378431 0.009330064989626408 920
1722584379435 0.009330064989626408 921
1722584380440 0.009330064989626408 922
1722584381444 0.009330064989626408 923
1722584382448 0.009330064989626408 924
1722584383452 0.009330064989626408 925
1722584384457 0.009330064989626408 926
1722584385460 0.009330064989626408 927
1722584386465 0.009330064989626408 928
1722584387468 0.009330064989626408 929
1722584388473 0.009330064989626408 930
1722584389478 0.009330064989626408 931
1722584390483 0.009330064989626408 932
1722584391486 0.009330064989626408 933
1722584392491 0.009330064989626408 934
1722584393495 0.009330064989626408 935
1722584394498 0.009330064989626408 936
1722584395502 0.009330064989626408 937
1722584396507 0.009330064989626408 938
1722584397510 0.009330064989626408 939
1722584398514 0.009330064989626408 940
1722584399519 0.009330064989626408 941
1722584400522 0.009330064989626408 942
1722584401528 0.009330064989626408 943
1722584402533 0.009330064989626408 944
1722584403537 0.009330064989626408 945
1722584404540 0.009330064989626408 946
1722584405547 0.009330064989626408 947
1722584406550 0.009330064989626408 948
1722584407555 0.009330064989626408 949
1722584408558 0.009330064989626408 950
1722584409562 0.009330064989626408 951
1722584410566 0.009330064989626408 952
1722584411569 0.009330064989626408 953
1722584412574 0.009330064989626408 954
1722584413578 0.009330064989626408 955
1722584414581 0.009330064989626408 956
1722584415585 0.009330064989626408 957
1722584416590 0.009330064989626408 958
1722584417594 0.009330064989626408 959
1722584418597 0.009330064989626408 960
1722584419601 0.009330064989626408 961
1722584420605 0.009330064989626408 962
1722584421609 0.009330064989626408 963
1722584422613 0.009330064989626408 964
1722584423616 0.009330064989626408 965
1722584424621 0.009330064989626408 966
1722584425626 0.009330064989626408 967
1722584426630 0.009330064989626408 968
1722584427634 0.009330064989626408 969
1722584428637 0.009330064989626408 970
1722584429641 0.009330064989626408 971
1722584430645 0.009330064989626408 972
1722584431649 0.009330064989626408 973
1722584432655 0.009330064989626408 974
1722584433658 0.009330064989626408 975
1722584434662 0.009330064989626408 976
1722584435666 0.009330064989626408 977
1722584436670 0.009330064989626408 978
1722584437674 0.009330064989626408 979
1722584438678 0.009330064989626408 980
1722584439682 0.009330064989626408 981
1722584440685 0.009330064989626408 982
1722584441689 0.009330064989626408 983
1722584442694 0.009330064989626408 984
1722584443698 0.009330064989626408 985
1722584444702 0.009330064989626408 986
1722584445706 0.009330064989626408 987
1722584446711 0.009330064989626408 988
1722584447714 0.009330064989626408 989
1722584448718 0.009330064989626408 990
1722584449723 0.009330064989626408 991
1722584450727 0.009330064989626408 992
1722584451730 0.009330064989626408 993
1722584452734 0.009330064989626408 994
1722584453738 0.009330064989626408 995
1722584454743 0.009330064989626408 996
1722584455748 0.009330064989626408 997
1722584456751 0.009330064989626408 998
1722584457756 0.009330064989626408 999
