1720692643752 0.46845104901137447 1
1720692647927 0.32698057671539654 2
1720692652156 0.28771311272191635 3
1720692656432 0.26030322269831196 4
1720692660826 0.2466847885769742 5
1720692665284 0.23053984331998711 6
1720692669716 0.21901416890417952 7
1720692674440 0.2104075438357997 8
1720692678862 0.20970828152807514 9
1720692683153 0.19701860172072136 10
1720692687649 0.19000139608789643 11
1720692692054 0.18692054360333998 12
1720692696240 0.18153041777808449 13
1720692700589 0.17884030254388686 14
1720692705189 0.17258316830457823 15
1720692709643 0.17010829580017225 16
1720692714241 0.17108973663891142 17
1720692718892 0.1629563188962354 18
1720692723314 0.1635495237974518 19
1720692727625 0.16152836217136582 20
1720692732037 0.1597893275573306 21
1720692736353 0.16040212572872184 22
1720692740509 0.15651225765015334 23
1720692744726 0.15329893597143374 24
1720692749311 0.15437328150974583 25
1720692753801 0.15138372226576363 26
1720692758312 0.14143695933167666 27
1720692763061 0.13876743757116994 28
1720692767581 0.1390891153968877 29
1720692771787 0.13787395669190028 30
1720692776206 0.13752712032570488 31
1720692780585 0.13599900656124614 32
1720692784725 0.13824131840917395 33
1720692788974 0.13624285249492948 34
1720692793618 0.13722414095539273 35
1720692798097 0.13505203606587685 36
1720692802610 0.13298317335034146 37
1720692807274 0.13884139641727605 38
1720692811859 0.13683672741440972 39
1720692816026 0.1365918714752179 40
1720692820358 0.13354005138812378 41
1720692824790 0.13477695521924635 42
1720692828969 0.1357095648153062 43
1720692833268 0.13401599231225844 44
1720692837855 0.1339229909186524 45
1720692842299 0.13402951102106625 46
1720692846735 0.13473572013891785 47
1720692851379 0.1385984727078014 48
1720692855932 0.1347883288496576 49
1720692860109 0.13566120734803247 50
1720692864343 0.13726209434171138 51
1720692868710 0.13681349983917546 52
1720692872931 0.13551529285682015 53
1720692877226 0.13821582312903433 54
1720692881876 0.13493114772416254 55
1720692886502 0.1350698907993121 56
1720692890854 0.13619731452578301 57
1720692895457 0.13565328233165191 58
1720692899996 0.1364148420276179 59
1720692904194 0.1343805858260297 60
1720692908460 0.13656864864901783 61
1720692912835 0.13465084087188917 62
1720692917095 0.14008687879255102 63
1720692921439 0.1340441810799742 64
1720692926031 0.13406525085268636 65
1720692930695 0.13510808070917774 66
1720692935150 0.13409448093146187 67
1720692939737 0.13506238977089083 68
1720692944268 0.13334490514286906 69
1720692948567 0.1366549082561708 70
