1722245787021 0.05430016996079396 0
1722245787417 0.05429605681701988 1
1722245787743 0.054899735933649295 2
1722245788090 0.05406862330010077 3
1722245788465 0.0537708868827279 4
1722245788835 0.053367693129328014 5
1722245789194 0.05314595150052723 6
1722245789549 0.05278498837552248 7
1722245789914 0.053168873775617236 8
1722245790257 0.05234736001253787 9
1722245790627 0.052825588932377626 10
1722245791060 0.05234160722929555 11
1722245791478 0.051565321112327256 12
1722245791812 0.05155590712120961 13
1722245792212 0.051595528139966776 14
1722245792568 0.05202907015572885 15
1722245792952 0.05171538099898738 16
1722245793320 0.050444236609401595 17
1722245793699 0.050830994878865506 18
1722245794066 0.05154825294362338 19
1722245794409 0.04960314865799647 20
1722245794858 0.04963879153567302 21
1722245795254 0.05032150057277785 22
1722245795616 0.04907908302030948 23
1722245795939 0.05113838330500485 24
1722245796285 0.049717213782320864 25
1722245796650 0.049311107359221874 26
1722245797036 0.05028404663406162 27
1722245797366 0.04845037147276678 28
1722245797744 0.048266672983603494 29
1722245798070 0.04870799855311245 30
1722245798424 0.04735946228386433 31
1722245798808 0.04840438669244128 32
1722245799211 0.04784721422389193 33
1722245799600 0.04787616057157712 34
1722245799977 0.0468922137591407 35
1722245800392 0.04671459993245564 36
1722245800764 0.04711522434884272 37
1722245801121 0.04762335494731572 38
1722245801480 0.04565414520467198 39
1722245801822 0.046125209221606414 40
1722245802191 0.045791532617223796 41
1722245802572 0.04580200319114878 42
1722245802939 0.04588147835489835 43
1722245803293 0.045744030107731974 44
1722245803737 0.04498680608692505 45
1722245804088 0.04475306097934792 46
1722245804444 0.045401771805834386 47
1722245804817 0.044472594871863586 48
1722245805162 0.04514013511918201 49
1722245805518 0.04695225664562583 50
1722245805906 0.0444532378021939 51
1722245806249 0.04412762370289267 52
1722245806603 0.04476777600625279 53
1722245806952 0.04929975537186644 54
1722245807305 0.044142136791892425 55
1722245807646 0.04358157357340896 56
1722245808054 0.043586847871827275 57
1722245808407 0.04327370467745482 58
1722245808759 0.0433207499154428 59
1722245809099 0.04215124333278953 60
1722245809418 0.043130838432503815 61
1722245809736 0.04218525526023265 62
1722245810069 0.044657550361846945 63
1722245810457 0.04215697861179913 64
1722245810785 0.04253987845027296 65
1722245811119 0.042717261493020756 66
1722245811459 0.04138486968066162 67
1722245811812 0.04081045076999819 68
1722245812241 0.04246669440292063 69
1722245812620 0.041014358158456686 70
1722245812991 0.04088171217876834 71
1722245813432 0.04132966778093624 72
1722245813790 0.04121248248177805 73
1722245814238 0.04177648264530707 74
1722245814594 0.04062302897830142 75
1722245815044 0.04012225035457717 76
1722245815415 0.04056842068341797 77
1722245815788 0.039337905772587445 78
1722245816188 0.04026666448321795 79
1722245816567 0.039182305252049236 80
1722245816972 0.039464882425571474 81
1722245817395 0.04203494972779516 82
1722245817792 0.04008069589592232 83
1722245818184 0.03895305212997778 84
1722245818562 0.03905511605271086 85
1722245818983 0.03800616464415989 86
1722245819414 0.041010789753956986 87
1722245819827 0.03888655346153268 88
1722245820186 0.03787803197669728 89
1722245820600 0.039061451358764085 90
1722245820994 0.04042197902001951 91
1722245821352 0.039868165202216255 92
1722245821755 0.03738017055754245 93
1722245822119 0.03899960736678973 94
1722245822497 0.03784152982938868 95
1722245822957 0.036812057012785046 96
1722245823331 0.036673943098345645 97
1722245823777 0.03636467709115823 98
1722245824174 0.039056333111596835 99
