1720682640995 0.3892447356370125 1
1720682652255 0.3268966338719502 2
1720682663481 0.30484541870013626 3
1720682674641 0.29308975740808335 4
1720682685964 0.28222860658188115 5
1720682697155 0.2724307737049059 6
1720682708393 0.2595672687337503 7
1720682719742 0.24932405768955546 8
1720682731028 0.24019959704222904 9
1720682742380 0.23647540565489564 10
1720682753563 0.2312137710531295 11
1720682764766 0.22790011424009765 12
1720682776088 0.2270399947558655 13
1720682787478 0.2225099624434978 14
1720682798709 0.22006890410059274 15
1720682809874 0.21751977944296802 16
1720682821356 0.21718691137998186 17
1720682832746 0.21393811150395117 18
1720682844315 0.21277181644783608 19
1720682855706 0.21180019068321881 20
1720682866959 0.20769821157380094 21
1720682878625 0.20877149423865096 22
1720682890136 0.2064675753492397 23
1720682901367 0.20593298023485093 24
1720682912798 0.20575886862397774 25
1720682923892 0.2045679771291572 26
1720682935166 0.20549816436691262 27
