1720359535389 4.178720474243164 0
1720359535394 2.3338863849639893 1
1720359535396 1.3079456090927124 2
1720359535399 0.7373241186141968 3
1720359535402 0.41987091302871704 4
1720359535403 0.24318687617778778 5
1720359535406 0.14477699995040894 6
1720359535408 0.08989307284355164 7
1720359535411 0.05921464413404465 8
1720359535414 0.04199915751814842 9
1720359535417 0.03227346017956734 10
1720359535419 0.02671635150909424 11
1720359535422 0.023481082171201706 12
1720359535424 0.021540718153119087 13
1720359535426 0.020324163138866425 14
1720359535428 0.019513795152306557 15
1720359535432 0.018932893872261047 16
1720359535434 0.018483102321624756 17
1720359535437 0.018109651282429695 18
1720359535439 0.01778198778629303 19
1720359535443 0.017483029514551163 20
1720359535445 0.017203204333782196 21
1720359535448 0.01693708635866642 22
1720359535451 0.016681579872965813 23
1720359535453 0.016434891149401665 24
1720359535455 0.01619594357907772 25
1720359535458 0.015964047983288765 26
1720359535460 0.01573876291513443 27
1720359535463 0.015519759617745876 28
1720359535466 0.01530679501593113 29
1720359535469 0.015099647454917431 30
1720359535471 0.014898139983415604 31
1720359535474 0.014702112413942814 32
1720359535476 0.01451140083372593 33
1720359535479 0.014325864613056183 34
1720359535481 0.014145360328257084 35
1720359535484 0.013969737105071545 36
1720359535487 0.013798876665532589 37
1720359535489 0.013632645830512047 38
1720359535491 0.013470914214849472 39
1720359535495 0.013313562609255314 40
1720359535497 0.01316047552973032 41
1720359535500 0.013011536560952663 42
1720359535503 0.012866633012890816 43
1720359535505 0.012725652195513248 44
1720359535509 0.01258848700672388 45
1720359535511 0.012455040588974953 46
1720359535514 0.012325208634138107 47
1720359535516 0.012198890559375286 48
1720359535519 0.012075996026396751 49
1720359535522 0.011956429108977318 50
1720359535525 0.011840100400149822 51
1720359535528 0.011726925149559975 52
1720359535530 0.011616813018918037 53
1720359535533 0.011509683914482594 54
1720359535536 0.011405455879867077 55
1720359535539 0.011304049752652645 56
1720359535543 0.011205391027033329 57
1720359535546 0.011109407059848309 58
1720359535550 0.011016018688678741 59
1720359535553 0.010925164446234703 60
1720359535555 0.01083676889538765 61
1720359535559 0.010750769637525082 62
1720359535562 0.010667097754776478 63
1720359535564 0.010585692711174488 64
1720359535567 0.010506493970751762 65
1720359535570 0.010429434478282928 66
1720359535573 0.010354473255574703 67
1720359535576 0.010281533934175968 68
1720359535579 0.010210570879280567 69
1720359535582 0.010141532868146896 70
1720359535584 0.01007436029613018 71
1720359535587 0.010009009391069412 72
1720359535590 0.009945432655513287 73
1720359535593 0.009883575141429901 74
1720359535595 0.00982338935136795 75
1720359535599 0.00976483803242445 76
1720359535602 0.00970787089318037 77
1720359535606 0.009652447886765003 78
1720359535608 0.009598524309694767 79
1720359535611 0.009546062909066677 80
1720359535613 0.009495025500655174 81
1720359535616 0.009445369243621826 82
1720359535620 0.009397050365805626 83
1720359535641 0.009350048378109932 84
1720359535644 0.009304314851760864 85
1720359535649 0.00925982091575861 86
1720359535654 0.009216533973813057 87
1720359535659 0.00917442049831152 88
1720359535662 0.009133446030318737 89
1720359535667 0.009093579836189747 90
1720359535670 0.009054798632860184 91
1720359535674 0.009017066098749638 92
1720359535678 0.008980351500213146 93
1720359535681 0.008944636210799217 94
1720359535684 0.00890988390892744 95
1720359535688 0.0088760731741786 96
1720359535692 0.00884318072348833 97
1720359535696 0.008811178617179394 98
1720359535698 0.008780043572187424 99
