1722267614459 0.15187749390650693 0
1722267617311 0.09750907095298725 1
1722267620321 0.08968189527510444 2
1722267623860 0.08596103995983113 3
1722267626949 0.07841889521536795 4
1722267629877 0.07479706071053448 5
1722267632982 0.06854642776264502 6
1722267636798 0.06665716757198584 7
1722267639939 0.06512436578656557 8
1722267642992 0.06238286093648049 9
1722267646132 0.05697920157710334 10
1722267649493 0.05832452792465234 11
1722267652838 0.049850697500013336 12
1722267656383 0.05080532349653811 13
1722267659524 0.050275075559921986 14
1722267662435 0.05408100959587732 15
1722267665519 0.043743525268427966 16
1722267668481 0.0382141511680816 17
1722267671660 0.04055589429540114 18
1722267675143 0.039626901236928365 19
1722267678062 0.04378571194321421 20
1722267680960 0.037466115384980035 21
1722267684028 0.043400775645705957 22
1722267687889 0.043070350632269626 23
1722267691824 0.0391880826121722 24
1722267695691 0.038881847844945604 25
1722267699696 0.03450194825694104 26
1722267703218 0.03318506031147743 27
1722267706527 0.0343318656598337 28
1722267710468 0.030158958693135944 29
1722267715119 0.035018143905992526 30
1722267719334 0.031472429904206733 31
1722267723688 0.03297271781199438 32
1722267727432 0.0322412598270719 33
1722267730630 0.03111085031735446 34
1722267734078 0.028766796473227794 35
1722267738036 0.029318369292346765 36
1722267742004 0.03473748016063245 37
1722267746284 0.03097092887100255 38
1722267749943 0.027135989380794305 39
1722267753188 0.0291363995061022 40
1722267756698 0.029595261896095054 41
1722267760754 0.027286369515320135 42
1722267764224 0.028294093866050637 43
1722267767741 0.02575578178278941 44
1722267770588 0.026349664322302253 45
1722267773550 0.025034913744557435 46
1722267777067 0.024174324732947342 47
1722267780795 0.025334467879288895 48
1722267784265 0.021942908485086985 49
