1722262730266 0.6015759904012843 0
1722262730945 0.34654598706405904 1
1722262731619 0.19985544328254404 2
1722262732291 0.14448650316384312 3
1722262732965 0.1211866879170885 4
1722262733640 0.1084221605397407 5
1722262734312 0.10260875540845156 6
1722262734987 0.09723556274877859 7
1722262735662 0.09101467040526477 8
1722262736343 0.09193223530976312 9
1722262737017 0.08664222584113908 10
1722262737790 0.08408946797774053 11
1722262738528 0.08226315415990391 12
1722262739215 0.07966967676483973 13
1722262739882 0.07790445535989073 14
1722262740633 0.07743697725281447 15
1722262741355 0.07495611826798353 16
1722262742067 0.07415505835602802 17
1722262742755 0.07230313483318801 18
1722262743470 0.07010158444020625 19
1722262744142 0.07011365760944396 20
1722262744895 0.06596805739126928 21
1722262745600 0.06909206854264738 22
1722262746275 0.06501832070220548 23
1722262746978 0.06350172871694501 24
1722262747695 0.06415442566327369 25
1722262748391 0.061368620279803936 26
1722262749079 0.0596205610522984 27
1722262749807 0.06031034613117264 28
1722262750537 0.058569474816077875 29
