1722262426809 0.6700702875394563 0
1722262427147 0.6063673597320006 1
1722262427501 0.45448839621230164 2
1722262427838 0.22918148238184208 3
1722262428180 0.13848558194360222 4
1722262428527 0.1175606274886301 5
1722262428871 0.11101618139489783 6
1722262429219 0.10697603209111135 7
1722262429560 0.10414417818551483 8
1722262429903 0.10206295560419487 9
1722262430246 0.10158230197967962 10
1722262430588 0.10027548052342243 11
1722262430913 0.09932050313475713 12
1722262431267 0.09950557444196377 13
1722262431609 0.09781842544595105 14
1722262431969 0.09490084289948654 15
1722262432327 0.09350577306354257 16
1722262432683 0.09510615895941475 17
1722262433045 0.09280969616668333 18
1722262433396 0.09261659445169367 19
1722262433742 0.09148158533799383 20
1722262434097 0.09062247678954002 21
1722262434448 0.0889846259546988 22
1722262434797 0.08851888640155715 23
1722262435156 0.08704696568393312 24
1722262435522 0.08676903385703087 25
1722262435890 0.08484100682287507 26
1722262436251 0.08427291647168438 27
1722262436613 0.08379869022863534 28
1722262436965 0.08224735185574722 29
1722262437315 0.08220887290607502 30
1722262437663 0.08244822648801121 31
1722262438021 0.0799655208051812 32
1722262438380 0.07881727042469495 33
1722262438731 0.07898472527409028 34
1722262439068 0.07979998752240627 35
1722262439410 0.07888728485895735 36
1722262439765 0.07583748819533252 37
1722262440104 0.07439065098819121 38
1722262440444 0.07493443989090877 39
1722262440790 0.07446633952590515 40
1722262441134 0.0726001782764468 41
1722262441473 0.07325275553423513 42
1722262441822 0.07135104182660529 43
1722262442179 0.07080809178708584 44
1722262442521 0.07185031731467115 45
1722262442868 0.07061508478041326 46
1722262443213 0.06899451328214098 47
1722262443556 0.06949534045509509 48
1722262443901 0.06741064800034119 49
