1722611633067 3.7179665565490723 0
1722611634072 2.149635076522827 1
1722611635077 1.2697025537490845 2
1722611636081 0.775319516658783 3
1722611637085 0.49688735604286194 4
1722611638089 0.3394298553466797 5
1722611639092 0.2497587651014328 6
1722611640096 0.19808761775493622 7
1722611641108 0.16773495078086853 8
1722611642112 0.1493578553199768 9
1722611643115 0.13772346079349518 10
1722611644118 0.12990035116672516 11
1722611645123 0.12424597144126892 12
1722611646127 0.1198396310210228 13
1722611647131 0.11616479605436325 14
1722611648135 0.11293139308691025 15
1722611649141 0.10997612029314041 16
1722611650144 0.10720675438642502 17
1722611651149 0.10457077622413635 18
1722611652153 0.10203810036182404 19
1722611653158 0.09959106147289276 20
1722611654162 0.09721904993057251 21
1722611655166 0.09491541236639023 22
1722611656169 0.09267573058605194 23
1722611657174 0.09049687534570694 24
1722611658180 0.08837641030550003 25
1722611659185 0.08631232380867004 26
1722611660190 0.0843028798699379 27
1722611661198 0.08234650641679764 28
1722611662209 0.08044173568487167 29
1722611663213 0.07858714461326599 30
