1722260709208 0.5346438131520135 0
1722260709824 0.19216554902816885 1
1722260710439 0.1453030205911829 2
1722260711042 0.11794155752992325 3
1722260711647 0.10807428526880415 4
1722260712257 0.10032398668987066 5
1722260712862 0.08877217651514825 6
1722260713453 0.08645367793361874 7
1722260714064 0.08161690118033493 8
1722260714684 0.07625846906227886 9
1722260715294 0.0754903316873484 10
1722260715915 0.07262987699639487 11
1722260716533 0.06793578776274088 12
1722260717151 0.06984788526259356 13
1722260717774 0.06831855575248992 14
1722260718403 0.06262151993061055 15
1722260719006 0.05881085463525656 16
1722260719620 0.05935188096728767 17
1722260720222 0.055756300194386765 18
1722260720827 0.055703447434676166 19
1722260721425 0.05771763566440765 20
1722260722034 0.05343356338462935 21
1722260722639 0.05262164474099725 22
1722260723256 0.04760338213025206 23
1722260723896 0.04621280506902965 24
1722260724525 0.045646504910241095 25
1722260725147 0.04509068626548276 26
1722260725749 0.04279026379762145 27
1722260726354 0.04481018428097136 28
1722260726960 0.04277499661684561 29
1722260727569 0.042424801813299905 30
1722260728166 0.040441085860995825 31
1722260728775 0.037251378189398617 32
1722260729390 0.03877005486795269 33
1722260729995 0.03656953804296567 34
1722260730597 0.03882849891014697 35
1722260731202 0.035155593733319494 36
1722260731795 0.03360599066539145 37
1722260732405 0.03510278320955404 38
1722260733006 0.03197337802642825 39
1722260733610 0.028345127169450028 40
1722260734186 0.030834117201411014 41
1722260734775 0.030009464926064332 42
1722260735367 0.02787507310808168 43
1722260735952 0.030739917550519035 44
1722260736525 0.0293041970320485 45
1722260737103 0.02514424479078901 46
1722260737693 0.025092323692817435 47
1722260738286 0.02667607604911153 48
1722260738873 0.02366669996453575 49
