1722587491716 0.009330064989626408 0
1722587492720 0.009330064989626408 1
1722587493725 0.009330064989626408 2
1722587494731 0.009330064989626408 3
1722587495736 0.009330064989626408 4
1722587496742 0.009330064989626408 5
1722587497746 0.009330064989626408 6
1722587498749 0.009330064989626408 7
1722587499755 0.009330064989626408 8
1722587500759 0.009330064989626408 9
1722587501765 0.009330064989626408 10
1722587502768 0.009330064989626408 11
1722587503777 0.009330064989626408 12
1722587504785 0.009330064989626408 13
1722587505789 0.009330064989626408 14
1722587506793 0.009330064989626408 15
1722587507796 0.009330064989626408 16
1722587508801 0.009330064989626408 17
1722587509846 0.009330064989626408 18
1722587510855 0.009330064989626408 19
1722587511860 0.009330064989626408 20
1722587512866 0.009330064989626408 21
1722587513878 0.009330064989626408 22
1722587514882 0.009330064989626408 23
1722587515886 0.009330064989626408 24
1722587516891 0.009330064989626408 25
1722587517895 0.009330064989626408 26
1722587518900 0.009330064989626408 27
1722587519904 0.009330064989626408 28
1722587520907 0.009330064989626408 29
1722587521911 0.009330064989626408 30
1722587522915 0.009330064989626408 31
1722587523919 0.009330064989626408 32
1722587524922 0.009330064989626408 33
1722587525927 0.009330064989626408 34
1722587526932 0.009330064989626408 35
1722587527936 0.009330064989626408 36
1722587528939 0.009330064989626408 37
1722587529944 0.009330064989626408 38
1722587530949 0.009330064989626408 39
1722587531953 0.009330064989626408 40
1722587532957 0.009330064989626408 41
1722587533961 0.009330064989626408 42
1722587534965 0.009330064989626408 43
1722587535970 0.009330064989626408 44
1722587536973 0.009330064989626408 45
1722587537976 0.009330064989626408 46
1722587538980 0.009330064989626408 47
1722587539984 0.009330064989626408 48
1722587540990 0.009330064989626408 49
1722587541994 0.009330064989626408 50
1722587542999 0.009330064989626408 51
1722587544002 0.009330064989626408 52
1722587545006 0.009330064989626408 53
1722587546010 0.009330064989626408 54
1722587547014 0.009330064989626408 55
1722587548018 0.009330064989626408 56
1722587549023 0.009330064989626408 57
1722587550029 0.009330064989626408 58
1722587551033 0.009330064989626408 59
1722587552036 0.009330064989626408 60
1722587553041 0.009330064989626408 61
1722587554044 0.009330064989626408 62
1722587555048 0.009330064989626408 63
1722587556052 0.009330064989626408 64
1722587557056 0.009330064989626408 65
1722587558061 0.009330064989626408 66
1722587559066 0.009330064989626408 67
1722587560070 0.009330064989626408 68
1722587561075 0.009330064989626408 69
1722587562079 0.009330064989626408 70
1722587563083 0.009330064989626408 71
1722587564089 0.009330064989626408 72
1722587565094 0.009330064989626408 73
1722587566099 0.009330064989626408 74
1722587567102 0.009330064989626408 75
1722587568106 0.009330064989626408 76
1722587569111 0.009330064989626408 77
1722587570114 0.009330064989626408 78
1722587571119 0.009330064989626408 79
1722587572122 0.009330064989626408 80
1722587573128 0.009330064989626408 81
1722587574131 0.009330064989626408 82
1722587575136 0.009330064989626408 83
1722587576140 0.009330064989626408 84
1722587577145 0.009330064989626408 85
1722587578150 0.009330064989626408 86
1722587579153 0.009330064989626408 87
1722587580157 0.009330064989626408 88
1722587581161 0.009330064989626408 89
1722587582165 0.009330064989626408 90
1722587583169 0.009330064989626408 91
1722587584174 0.009330064989626408 92
1722587585177 0.009330064989626408 93
1722587586182 0.009330064989626408 94
1722587587194 0.009330064989626408 95
1722587588202 0.009330064989626408 96
1722587589206 0.009330064989626408 97
1722587590210 0.009330064989626408 98
1722587591215 0.009330064989626408 99
1722587592219 0.009330064989626408 100
1722587593223 0.009330064989626408 101
1722587594226 0.009330064989626408 102
1722587595231 0.009330064989626408 103
1722587596235 0.009330064989626408 104
1722587597240 0.009330064989626408 105
1722587598245 0.009330064989626408 106
1722587599249 0.009330064989626408 107
1722587600253 0.009330064989626408 108
1722587601256 0.009330064989626408 109
1722587602261 0.009330064989626408 110
1722587603265 0.009330064989626408 111
1722587604268 0.009330064989626408 112
1722587605273 0.009330064989626408 113
1722587606276 0.009330064989626408 114
1722587607281 0.009330064989626408 115
1722587608286 0.009330064989626408 116
1722587609290 0.009330064989626408 117
1722587610294 0.009330064989626408 118
1722587611298 0.009330064989626408 119
1722587612302 0.009330064989626408 120
1722587613307 0.009330064989626408 121
1722587614311 0.009330064989626408 122
1722587615315 0.009330064989626408 123
1722587616319 0.009330064989626408 124
1722587617323 0.009330064989626408 125
1722587618327 0.009330064989626408 126
1722587619332 0.009330064989626408 127
1722587620337 0.009330064989626408 128
1722587621340 0.009330064989626408 129
1722587622343 0.009330064989626408 130
1722587623347 0.009330064989626408 131
1722587624351 0.009330064989626408 132
1722587625356 0.009330064989626408 133
1722587626360 0.009330064989626408 134
1722587627364 0.009330064989626408 135
1722587628368 0.009330064989626408 136
1722587629374 0.009330064989626408 137
1722587630378 0.009330064989626408 138
1722587631383 0.009330064989626408 139
1722587632387 0.009330064989626408 140
1722587633392 0.009330064989626408 141
1722587634396 0.009330064989626408 142
1722587635400 0.009330064989626408 143
1722587636405 0.009330064989626408 144
1722587637409 0.009330064989626408 145
1722587638413 0.009330064989626408 146
1722587639417 0.009330064989626408 147
1722587640421 0.009330064989626408 148
1722587641424 0.009330064989626408 149
1722587642429 0.009330064989626408 150
1722587643433 0.009330064989626408 151
1722587644437 0.009330064989626408 152
1722587645441 0.009330064989626408 153
1722587646445 0.009330064989626408 154
1722587647449 0.009330064989626408 155
1722587648453 0.009330064989626408 156
1722587649458 0.009330064989626408 157
1722587650464 0.009330064989626408 158
1722587651469 0.009330064989626408 159
1722587652472 0.009330064989626408 160
1722587653476 0.009330064989626408 161
1722587654481 0.009330064989626408 162
1722587655485 0.009330064989626408 163
1722587656489 0.009330064989626408 164
1722587657494 0.009330064989626408 165
1722587658498 0.009330064989626408 166
1722587659502 0.009330064989626408 167
1722587660507 0.009330064989626408 168
1722587661512 0.009330064989626408 169
1722587662515 0.009330064989626408 170
1722587663519 0.009330064989626408 171
1722587664523 0.009330064989626408 172
1722587665528 0.009330064989626408 173
1722587666531 0.009330064989626408 174
1722587667536 0.009330064989626408 175
1722587668539 0.009330064989626408 176
1722587669543 0.009330064989626408 177
1722587670547 0.009330064989626408 178
1722587671552 0.009330064989626408 179
1722587672555 0.009330064989626408 180
1722587673559 0.009330064989626408 181
1722587674564 0.009330064989626408 182
1722587675568 0.009330064989626408 183
1722587676572 0.009330064989626408 184
1722587677577 0.009330064989626408 185
1722587678582 0.009330064989626408 186
1722587679586 0.009330064989626408 187
1722587680590 0.009330064989626408 188
1722587681594 0.009330064989626408 189
1722587682597 0.009330064989626408 190
1722587683601 0.009330064989626408 191
1722587684606 0.009330064989626408 192
1722587685609 0.009330064989626408 193
1722587686613 0.009330064989626408 194
1722587687617 0.009330064989626408 195
1722587688621 0.009330064989626408 196
1722587689625 0.009330064989626408 197
1722587690629 0.009330064989626408 198
1722587691634 0.009330064989626408 199
1722587692638 0.009330064989626408 200
1722587693642 0.009330064989626408 201
1722587694646 0.009330064989626408 202
1722587695650 0.009330064989626408 203
1722587696654 0.009330064989626408 204
1722587697658 0.009330064989626408 205
1722587698663 0.009330064989626408 206
1722587699668 0.009330064989626408 207
1722587700672 0.009330064989626408 208
1722587701675 0.009330064989626408 209
1722587702680 0.009330064989626408 210
1722587703684 0.009330064989626408 211
1722587704689 0.009330064989626408 212
1722587705694 0.009330064989626408 213
1722587706698 0.009330064989626408 214
1722587707702 0.009330064989626408 215
1722587708706 0.009330064989626408 216
1722587709710 0.009330064989626408 217
1722587710714 0.009330064989626408 218
1722587711719 0.009330064989626408 219
1722587712723 0.009330064989626408 220
1722587713726 0.009330064989626408 221
1722587714731 0.009330064989626408 222
1722587715734 0.009330064989626408 223
1722587716738 0.009330064989626408 224
1722587717742 0.009330064989626408 225
1722587718747 0.009330064989626408 226
1722587719751 0.009330064989626408 227
1722587720755 0.009330064989626408 228
1722587721760 0.009330064989626408 229
1722587722764 0.009330064989626408 230
1722587723768 0.009330064989626408 231
1722587724773 0.009330064989626408 232
1722587725777 0.009330064989626408 233
1722587726781 0.009330064989626408 234
1722587727785 0.009330064989626408 235
1722587728789 0.009330064989626408 236
1722587729793 0.009330064989626408 237
1722587730797 0.009330064989626408 238
1722587731800 0.009330064989626408 239
1722587732804 0.009330064989626408 240
1722587733808 0.009330064989626408 241
1722587734812 0.009330064989626408 242
1722587735817 0.009330064989626408 243
1722587736821 0.009330064989626408 244
1722587737826 0.009330064989626408 245
1722587738829 0.009330064989626408 246
1722587739834 0.009330064989626408 247
1722587740838 0.009330064989626408 248
1722587741843 0.009330064989626408 249
1722587742846 0.009330064989626408 250
1722587743851 0.009330064989626408 251
1722587744855 0.009330064989626408 252
1722587745859 0.009330064989626408 253
1722587746863 0.009330064989626408 254
1722587747868 0.009330064989626408 255
1722587748872 0.009330064989626408 256
1722587749876 0.009330064989626408 257
1722587750880 0.009330064989626408 258
1722587751884 0.009330064989626408 259
1722587752888 0.009330064989626408 260
1722587753892 0.009330064989626408 261
1722587754896 0.009330064989626408 262
1722587755900 0.009330064989626408 263
1722587756905 0.009330064989626408 264
1722587757909 0.009330064989626408 265
1722587758914 0.009330064989626408 266
1722587759925 0.009330064989626408 267
1722587760930 0.009330064989626408 268
1722587761934 0.009330064989626408 269
1722587762938 0.009330064989626408 270
1722587763942 0.009330064989626408 271
1722587764946 0.009330064989626408 272
1722587765950 0.009330064989626408 273
1722587766955 0.009330064989626408 274
1722587767959 0.009330064989626408 275
1722587768964 0.009330064989626408 276
1722587769968 0.009330064989626408 277
1722587770972 0.009330064989626408 278
1722587771976 0.009330064989626408 279
1722587772980 0.009330064989626408 280
1722587773984 0.009330064989626408 281
1722587774988 0.009330064989626408 282
1722587775993 0.009330064989626408 283
1722587776997 0.009330064989626408 284
1722587778001 0.009330064989626408 285
1722587779005 0.009330064989626408 286
1722587780010 0.009330064989626408 287
1722587781014 0.009330064989626408 288
1722587782018 0.009330064989626408 289
1722587783022 0.009330064989626408 290
1722587784026 0.009330064989626408 291
1722587785029 0.009330064989626408 292
1722587786033 0.009330064989626408 293
1722587787037 0.009330064989626408 294
1722587788040 0.009330064989626408 295
1722587789045 0.009330064989626408 296
1722587790050 0.009330064989626408 297
1722587791054 0.009330064989626408 298
1722587792060 0.009330064989626408 299
1722587793064 0.009330064989626408 300
1722587794067 0.009330064989626408 301
1722587795072 0.009330064989626408 302
1722587796076 0.009330064989626408 303
1722587797081 0.009330064989626408 304
1722587798085 0.009330064989626408 305
1722587799090 0.009330064989626408 306
1722587800094 0.009330064989626408 307
1722587801099 0.009330064989626408 308
1722587802104 0.009330064989626408 309
1722587803108 0.009330064989626408 310
1722587804112 0.009330064989626408 311
1722587805116 0.009330064989626408 312
1722587806121 0.009330064989626408 313
1722587807125 0.009330064989626408 314
1722587808131 0.009330064989626408 315
1722587809136 0.009330064989626408 316
1722587810140 0.009330064989626408 317
1722587811144 0.009330064989626408 318
1722587812149 0.009330064989626408 319
1722587813152 0.009330064989626408 320
1722587814156 0.009330064989626408 321
1722587815160 0.009330064989626408 322
1722587816164 0.009330064989626408 323
1722587817169 0.009330064989626408 324
1722587818172 0.009330064989626408 325
1722587819177 0.009330064989626408 326
1722587820181 0.009330064989626408 327
1722587821184 0.009330064989626408 328
1722587822188 0.009330064989626408 329
1722587823192 0.009330064989626408 330
1722587824196 0.009330064989626408 331
1722587825200 0.009330064989626408 332
1722587826204 0.009330064989626408 333
1722587827209 0.009330064989626408 334
1722587828213 0.009330064989626408 335
1722587829217 0.009330064989626408 336
1722587830222 0.009330064989626408 337
1722587831226 0.009330064989626408 338
1722587832230 0.009330064989626408 339
1722587833234 0.009330064989626408 340
1722587834237 0.009330064989626408 341
1722587835242 0.009330064989626408 342
1722587836246 0.009330064989626408 343
1722587837250 0.009330064989626408 344
1722587838255 0.009330064989626408 345
1722587839259 0.009330064989626408 346
1722587840263 0.009330064989626408 347
1722587841267 0.009330064989626408 348
1722587842272 0.009330064989626408 349
1722587843276 0.009330064989626408 350
1722587844279 0.009330064989626408 351
1722587845283 0.009330064989626408 352
1722587846287 0.009330064989626408 353
1722587847291 0.009330064989626408 354
1722587848295 0.009330064989626408 355
1722587849299 0.009330064989626408 356
1722587850302 0.009330064989626408 357
1722587851306 0.009330064989626408 358
1722587852310 0.009330064989626408 359
1722587853315 0.009330064989626408 360
1722587854319 0.009330064989626408 361
1722587855323 0.009330064989626408 362
1722587856328 0.009330064989626408 363
1722587857334 0.009330064989626408 364
1722587858338 0.009330064989626408 365
1722587859341 0.009330064989626408 366
1722587860345 0.009330064989626408 367
1722587861357 0.009330064989626408 368
1722587862361 0.009330064989626408 369
1722587863366 0.009330064989626408 370
1722587864370 0.009330064989626408 371
1722587865373 0.009330064989626408 372
1722587866378 0.009330064989626408 373
1722587867384 0.009330064989626408 374
1722587868388 0.009330064989626408 375
1722587869393 0.009330064989626408 376
1722587870396 0.009330064989626408 377
1722587871400 0.009330064989626408 378
1722587872404 0.009330064989626408 379
1722587873408 0.009330064989626408 380
1722587874411 0.009330064989626408 381
1722587875469 0.009330064989626408 382
1722587876474 0.009330064989626408 383
1722587877477 0.009330064989626408 384
1722587878482 0.009330064989626408 385
1722587879486 0.009330064989626408 386
1722587880491 0.009330064989626408 387
1722587881495 0.009330064989626408 388
1722587882499 0.009330064989626408 389
1722587883503 0.009330064989626408 390
1722587884507 0.009330064989626408 391
1722587885511 0.009330064989626408 392
1722587886517 0.009330064989626408 393
1722587887521 0.009330064989626408 394
1722587888525 0.009330064989626408 395
1722587889529 0.009330064989626408 396
1722587890534 0.009330064989626408 397
1722587891538 0.009330064989626408 398
1722587892542 0.009330064989626408 399
1722587893547 0.009330064989626408 400
1722587894551 0.009330064989626408 401
1722587895555 0.009330064989626408 402
1722587896559 0.009330064989626408 403
1722587897564 0.009330064989626408 404
1722587898569 0.009330064989626408 405
1722587899572 0.009330064989626408 406
1722587900576 0.009330064989626408 407
1722587901581 0.009330064989626408 408
1722587902586 0.009330064989626408 409
1722587903590 0.009330064989626408 410
1722587904594 0.009330064989626408 411
1722587905599 0.009330064989626408 412
1722587906602 0.009330064989626408 413
1722587907606 0.009330064989626408 414
1722587908610 0.009330064989626408 415
1722587909614 0.009330064989626408 416
1722587910619 0.009330064989626408 417
1722587911623 0.009330064989626408 418
1722587912627 0.009330064989626408 419
1722587913631 0.009330064989626408 420
1722587914649 0.009330064989626408 421
1722587915654 0.009330064989626408 422
1722587916658 0.009330064989626408 423
1722587917661 0.009330064989626408 424
1722587918666 0.009330064989626408 425
1722587919671 0.009330064989626408 426
1722587920675 0.009330064989626408 427
1722587921679 0.009330064989626408 428
1722587922683 0.009330064989626408 429
1722587923687 0.009330064989626408 430
1722587924690 0.009330064989626408 431
1722587925695 0.009330064989626408 432
1722587926698 0.009330064989626408 433
1722587927703 0.009330064989626408 434
1722587928707 0.009330064989626408 435
1722587929711 0.009330064989626408 436
1722587930715 0.009330064989626408 437
1722587931720 0.009330064989626408 438
1722587932724 0.009330064989626408 439
1722587933728 0.009330064989626408 440
1722587934733 0.009330064989626408 441
1722587935737 0.009330064989626408 442
1722587936741 0.009330064989626408 443
1722587937747 0.009330064989626408 444
1722587938752 0.009330064989626408 445
1722587939757 0.009330064989626408 446
1722587940761 0.009330064989626408 447
1722587941764 0.009330064989626408 448
1722587942769 0.009330064989626408 449
1722587943773 0.009330064989626408 450
1722587944778 0.009330064989626408 451
1722587945781 0.009330064989626408 452
1722587946786 0.009330064989626408 453
1722587947790 0.009330064989626408 454
1722587948793 0.009330064989626408 455
1722587949797 0.009330064989626408 456
1722587950801 0.009330064989626408 457
1722587951805 0.009330064989626408 458
1722587952811 0.009330064989626408 459
1722587953815 0.009330064989626408 460
1722587954818 0.009330064989626408 461
1722587955823 0.009330064989626408 462
1722587956826 0.009330064989626408 463
1722587957831 0.009330064989626408 464
1722587958835 0.009330064989626408 465
1722587959839 0.009330064989626408 466
1722587960843 0.009330064989626408 467
1722587961847 0.009330064989626408 468
1722587962850 0.009330064989626408 469
1722587963855 0.009330064989626408 470
1722587964858 0.009330064989626408 471
1722587965864 0.009330064989626408 472
1722587966868 0.009330064989626408 473
1722587967873 0.009330064989626408 474
1722587968878 0.009330064989626408 475
1722587969883 0.009330064989626408 476
1722587970887 0.009330064989626408 477
1722587971890 0.009330064989626408 478
1722587972895 0.009330064989626408 479
1722587973899 0.009330064989626408 480
1722587974904 0.009330064989626408 481
1722587975909 0.009330064989626408 482
1722587976913 0.009330064989626408 483
1722587977919 0.009330064989626408 484
1722587978924 0.009330064989626408 485
1722587979927 0.009330064989626408 486
1722587980932 0.009330064989626408 487
1722587981936 0.009330064989626408 488
1722587982940 0.009330064989626408 489
1722587983946 0.009330064989626408 490
1722587984952 0.009330064989626408 491
1722587985955 0.009330064989626408 492
1722587986959 0.009330064989626408 493
1722587987964 0.009330064989626408 494
1722587988967 0.009330064989626408 495
1722587989974 0.009330064989626408 496
1722587990979 0.009330064989626408 497
1722587991983 0.009330064989626408 498
1722587992987 0.009330064989626408 499
1722587993992 0.009330064989626408 500
1722587994997 0.009330064989626408 501
1722587996001 0.009330064989626408 502
1722587997009 0.009330064989626408 503
1722587998017 0.009330064989626408 504
1722587999021 0.009330064989626408 505
1722588000029 0.009330064989626408 506
1722588001035 0.009330064989626408 507
1722588002039 0.009330064989626408 508
1722588003043 0.009330064989626408 509
1722588004048 0.009330064989626408 510
1722588005051 0.009330064989626408 511
1722588006055 0.009330064989626408 512
1722588007059 0.009330064989626408 513
1722588008067 0.009330064989626408 514
1722588009075 0.009330064989626408 515
1722588010080 0.009330064989626408 516
1722588011084 0.009330064989626408 517
1722588012088 0.009330064989626408 518
1722588013092 0.009330064989626408 519
1722588014096 0.009330064989626408 520
1722588015101 0.009330064989626408 521
1722588016105 0.009330064989626408 522
1722588017110 0.009330064989626408 523
1722588018114 0.009330064989626408 524
1722588019119 0.009330064989626408 525
1722588020124 0.009330064989626408 526
1722588021127 0.009330064989626408 527
1722588022132 0.009330064989626408 528
1722588023138 0.009330064989626408 529
1722588024142 0.009330064989626408 530
1722588025147 0.009330064989626408 531
1722588026152 0.009330064989626408 532
1722588027157 0.009330064989626408 533
1722588028162 0.009330064989626408 534
1722588029165 0.009330064989626408 535
1722588030170 0.009330064989626408 536
1722588031174 0.009330064989626408 537
1722588032178 0.009330064989626408 538
1722588033183 0.009330064989626408 539
1722588034187 0.009330064989626408 540
1722588035191 0.009330064989626408 541
1722588036195 0.009330064989626408 542
1722588037199 0.009330064989626408 543
1722588038202 0.009330064989626408 544
1722588039207 0.009330064989626408 545
1722588040211 0.009330064989626408 546
1722588041215 0.009330064989626408 547
1722588042219 0.009330064989626408 548
1722588043223 0.009330064989626408 549
1722588044227 0.009330064989626408 550
1722588045232 0.009330064989626408 551
1722588046236 0.009330064989626408 552
1722588047239 0.009330064989626408 553
1722588048244 0.009330064989626408 554
1722588049248 0.009330064989626408 555
1722588050252 0.009330064989626408 556
1722588051257 0.009330064989626408 557
1722588052261 0.009330064989626408 558
1722588053266 0.009330064989626408 559
1722588054270 0.009330064989626408 560
1722588055275 0.009330064989626408 561
1722588056279 0.009330064989626408 562
1722588057284 0.009330064989626408 563
1722588058289 0.009330064989626408 564
1722588059294 0.009330064989626408 565
1722588060298 0.009330064989626408 566
1722588061302 0.009330064989626408 567
1722588062306 0.009330064989626408 568
1722588063311 0.009330064989626408 569
1722588064314 0.009330064989626408 570
1722588065318 0.009330064989626408 571
1722588066323 0.009330064989626408 572
1722588067326 0.009330064989626408 573
1722588068330 0.009330064989626408 574
1722588069335 0.009330064989626408 575
1722588070339 0.009330064989626408 576
1722588071343 0.009330064989626408 577
1722588072346 0.009330064989626408 578
1722588073350 0.009330064989626408 579
1722588074355 0.009330064989626408 580
1722588075362 0.009330064989626408 581
1722588076366 0.009330064989626408 582
1722588077370 0.009330064989626408 583
1722588078374 0.009330064989626408 584
1722588079378 0.009330064989626408 585
1722588080382 0.009330064989626408 586
1722588081386 0.009330064989626408 587
1722588082390 0.009330064989626408 588
1722588083393 0.009330064989626408 589
1722588084397 0.009330064989626408 590
1722588085402 0.009330064989626408 591
1722588086405 0.009330064989626408 592
1722588087409 0.009330064989626408 593
1722588088414 0.009330064989626408 594
1722588089420 0.009330064989626408 595
1722588090427 0.009330064989626408 596
1722588091431 0.009330064989626408 597
1722588092436 0.009330064989626408 598
1722588093440 0.009330064989626408 599
1722588094444 0.009330064989626408 600
1722588095448 0.009330064989626408 601
1722588096453 0.009330064989626408 602
1722588097457 0.009330064989626408 603
1722588098461 0.009330064989626408 604
1722588099466 0.009330064989626408 605
1722588100471 0.009330064989626408 606
1722588101476 0.009330064989626408 607
1722588102480 0.009330064989626408 608
1722588103484 0.009330064989626408 609
1722588104488 0.009330064989626408 610
1722588105493 0.009330064989626408 611
1722588106498 0.009330064989626408 612
1722588107501 0.009330064989626408 613
1722588108506 0.009330064989626408 614
1722588109511 0.009330064989626408 615
1722588110515 0.009330064989626408 616
1722588111520 0.009330064989626408 617
1722588112524 0.009330064989626408 618
1722588113529 0.009330064989626408 619
1722588114533 0.009330064989626408 620
1722588115537 0.009330064989626408 621
1722588116541 0.009330064989626408 622
1722588117545 0.009330064989626408 623
1722588118550 0.009330064989626408 624
1722588119554 0.009330064989626408 625
1722588120558 0.009330064989626408 626
1722588121562 0.009330064989626408 627
1722588122567 0.009330064989626408 628
1722588123571 0.009330064989626408 629
1722588124575 0.009330064989626408 630
1722588125580 0.009330064989626408 631
1722588126585 0.009330064989626408 632
1722588127588 0.009330064989626408 633
1722588128592 0.009330064989626408 634
1722588129596 0.009330064989626408 635
1722588130601 0.009330064989626408 636
1722588131605 0.009330064989626408 637
1722588132610 0.009330064989626408 638
1722588133613 0.009330064989626408 639
1722588134617 0.009330064989626408 640
1722588135620 0.009330064989626408 641
1722588136625 0.009330064989626408 642
1722588137630 0.009330064989626408 643
1722588138633 0.009330064989626408 644
1722588139637 0.009330064989626408 645
1722588140640 0.009330064989626408 646
1722588141645 0.009330064989626408 647
1722588142649 0.009330064989626408 648
1722588143653 0.009330064989626408 649
1722588144657 0.009330064989626408 650
1722588145661 0.009330064989626408 651
1722588146665 0.009330064989626408 652
1722588147669 0.009330064989626408 653
1722588148673 0.009330064989626408 654
1722588149677 0.009330064989626408 655
1722588150680 0.009330064989626408 656
1722588151684 0.009330064989626408 657
1722588152689 0.009330064989626408 658
1722588153693 0.009330064989626408 659
1722588154696 0.009330064989626408 660
1722588155700 0.009330064989626408 661
1722588156705 0.009330064989626408 662
1722588157710 0.009330064989626408 663
1722588158713 0.009330064989626408 664
1722588159718 0.009330064989626408 665
1722588160722 0.009330064989626408 666
1722588161728 0.009330064989626408 667
1722588162733 0.009330064989626408 668
1722588163738 0.009330064989626408 669
1722588164741 0.009330064989626408 670
1722588165745 0.009330064989626408 671
1722588166751 0.009330064989626408 672
1722588167755 0.009330064989626408 673
1722588168759 0.009330064989626408 674
1722588169763 0.009330064989626408 675
1722588170768 0.009330064989626408 676
1722588171773 0.009330064989626408 677
1722588172781 0.009330064989626408 678
1722588173786 0.009330064989626408 679
1722588174791 0.009330064989626408 680
1722588175794 0.009330064989626408 681
1722588176798 0.009330064989626408 682
1722588177802 0.009330064989626408 683
1722588178807 0.009330064989626408 684
1722588179811 0.009330064989626408 685
1722588180815 0.009330064989626408 686
1722588181819 0.009330064989626408 687
1722588182823 0.009330064989626408 688
1722588183827 0.009330064989626408 689
1722588184831 0.009330064989626408 690
1722588185836 0.009330064989626408 691
1722588186840 0.009330064989626408 692
1722588187844 0.009330064989626408 693
1722588188848 0.009330064989626408 694
1722588189852 0.009330064989626408 695
1722588190856 0.009330064989626408 696
1722588191860 0.009330064989626408 697
1722588192865 0.009330064989626408 698
1722588193870 0.009330064989626408 699
1722588194875 0.009330064989626408 700
1722588195879 0.009330064989626408 701
1722588196883 0.009330064989626408 702
1722588197887 0.009330064989626408 703
1722588198891 0.009330064989626408 704
1722588199895 0.009330064989626408 705
1722588200899 0.009330064989626408 706
1722588201904 0.009330064989626408 707
1722588202908 0.009330064989626408 708
1722588203912 0.009330064989626408 709
1722588204917 0.009330064989626408 710
1722588205923 0.009330064989626408 711
1722588206927 0.009330064989626408 712
1722588207933 0.009330064989626408 713
1722588208944 0.009330064989626408 714
1722588209951 0.009330064989626408 715
1722588210955 0.009330064989626408 716
1722588211960 0.009330064989626408 717
1722588212963 0.009330064989626408 718
1722588213968 0.009330064989626408 719
1722588214972 0.009330064989626408 720
1722588215977 0.009330064989626408 721
1722588216982 0.009330064989626408 722
1722588217985 0.009330064989626408 723
1722588218990 0.009330064989626408 724
1722588219993 0.009330064989626408 725
1722588220997 0.009330064989626408 726
1722588222001 0.009330064989626408 727
1722588223005 0.009330064989626408 728
1722588224009 0.009330064989626408 729
1722588225013 0.009330064989626408 730
1722588226017 0.009330064989626408 731
1722588227022 0.009330064989626408 732
1722588228026 0.009330064989626408 733
1722588229032 0.009330064989626408 734
1722588230036 0.009330064989626408 735
1722588231040 0.009330064989626408 736
1722588232044 0.009330064989626408 737
1722588233048 0.009330064989626408 738
1722588234053 0.009330064989626408 739
1722588235056 0.009330064989626408 740
1722588236063 0.009330064989626408 741
1722588237066 0.009330064989626408 742
1722588238070 0.009330064989626408 743
1722588239075 0.009330064989626408 744
1722588240079 0.009330064989626408 745
1722588241082 0.009330064989626408 746
1722588242087 0.009330064989626408 747
1722588243091 0.009330064989626408 748
1722588244095 0.009330064989626408 749
1722588245099 0.009330064989626408 750
1722588246104 0.009330064989626408 751
1722588247107 0.009330064989626408 752
1722588248112 0.009330064989626408 753
1722588249116 0.009330064989626408 754
1722588250120 0.009330064989626408 755
1722588251124 0.009330064989626408 756
1722588252128 0.009330064989626408 757
1722588253133 0.009330064989626408 758
1722588254136 0.009330064989626408 759
1722588255140 0.009330064989626408 760
1722588256146 0.009330064989626408 761
1722588257150 0.009330064989626408 762
1722588258154 0.009330064989626408 763
1722588259158 0.009330064989626408 764
1722588260161 0.009330064989626408 765
1722588261166 0.009330064989626408 766
1722588262170 0.009330064989626408 767
1722588263174 0.009330064989626408 768
1722588264178 0.009330064989626408 769
1722588265183 0.009330064989626408 770
1722588266187 0.009330064989626408 771
1722588267191 0.009330064989626408 772
1722588268195 0.009330064989626408 773
1722588269201 0.009330064989626408 774
1722588270204 0.009330064989626408 775
1722588271208 0.009330064989626408 776
1722588272212 0.009330064989626408 777
1722588273216 0.009330064989626408 778
1722588274221 0.009330064989626408 779
1722588275224 0.009330064989626408 780
1722588276228 0.009330064989626408 781
1722588277233 0.009330064989626408 782
1722588278238 0.009330064989626408 783
1722588279243 0.009330064989626408 784
1722588280248 0.009330064989626408 785
1722588281252 0.009330064989626408 786
1722588282257 0.009330064989626408 787
1722588283261 0.009330064989626408 788
1722588284266 0.009330064989626408 789
1722588285271 0.009330064989626408 790
1722588286275 0.009330064989626408 791
1722588287279 0.009330064989626408 792
1722588288285 0.009330064989626408 793
1722588289290 0.009330064989626408 794
1722588290296 0.009330064989626408 795
1722588291301 0.009330064989626408 796
1722588292306 0.009330064989626408 797
1722588293309 0.009330064989626408 798
1722588294313 0.009330064989626408 799
1722588295318 0.009330064989626408 800
1722588296323 0.009330064989626408 801
1722588297327 0.009330064989626408 802
1722588298331 0.009330064989626408 803
1722588299336 0.009330064989626408 804
1722588300340 0.009330064989626408 805
1722588301343 0.009330064989626408 806
1722588302348 0.009330064989626408 807
1722588303351 0.009330064989626408 808
1722588304355 0.009330064989626408 809
1722588305359 0.009330064989626408 810
1722588306363 0.009330064989626408 811
1722588307368 0.009330064989626408 812
1722588308373 0.009330064989626408 813
1722588309377 0.009330064989626408 814
1722588310380 0.009330064989626408 815
1722588311385 0.009330064989626408 816
1722588312389 0.009330064989626408 817
1722588313392 0.009330064989626408 818
1722588314397 0.009330064989626408 819
1722588315401 0.009330064989626408 820
1722588316405 0.009330064989626408 821
1722588317409 0.009330064989626408 822
1722588318413 0.009330064989626408 823
1722588319417 0.009330064989626408 824
1722588320421 0.009330064989626408 825
1722588321425 0.009330064989626408 826
1722588322429 0.009330064989626408 827
1722588323434 0.009330064989626408 828
1722588324437 0.009330064989626408 829
1722588325441 0.009330064989626408 830
1722588326445 0.009330064989626408 831
1722588327450 0.009330064989626408 832
1722588328455 0.009330064989626408 833
1722588329460 0.009330064989626408 834
1722588330465 0.009330064989626408 835
1722588331469 0.009330064989626408 836
1722588332472 0.009330064989626408 837
1722588333476 0.009330064989626408 838
1722588334481 0.009330064989626408 839
1722588335484 0.009330064989626408 840
1722588336489 0.009330064989626408 841
1722588337492 0.009330064989626408 842
1722588338496 0.009330064989626408 843
1722588339499 0.009330064989626408 844
1722588340504 0.009330064989626408 845
1722588341508 0.009330064989626408 846
1722588342513 0.009330064989626408 847
1722588343517 0.009330064989626408 848
1722588344521 0.009330064989626408 849
1722588345524 0.009330064989626408 850
1722588346528 0.009330064989626408 851
1722588347532 0.009330064989626408 852
1722588348536 0.009330064989626408 853
1722588349541 0.009330064989626408 854
1722588350544 0.009330064989626408 855
1722588351548 0.009330064989626408 856
1722588352552 0.009330064989626408 857
1722588353556 0.009330064989626408 858
1722588354561 0.009330064989626408 859
1722588355594 0.009330064989626408 860
1722588356606 0.009330064989626408 861
1722588357612 0.009330064989626408 862
1722588358616 0.009330064989626408 863
1722588359621 0.009330064989626408 864
1722588360625 0.009330064989626408 865
1722588361630 0.009330064989626408 866
1722588362633 0.009330064989626408 867
1722588363637 0.009330064989626408 868
1722588364641 0.009330064989626408 869
1722588365646 0.009330064989626408 870
1722588366650 0.009330064989626408 871
1722588367653 0.009330064989626408 872
1722588368658 0.009330064989626408 873
1722588369663 0.009330064989626408 874
1722588370667 0.009330064989626408 875
1722588371670 0.009330064989626408 876
1722588372675 0.009330064989626408 877
1722588373679 0.009330064989626408 878
1722588374684 0.009330064989626408 879
1722588375688 0.009330064989626408 880
1722588376692 0.009330064989626408 881
1722588377696 0.009330064989626408 882
1722588378700 0.009330064989626408 883
1722588379704 0.009330064989626408 884
1722588380707 0.009330064989626408 885
1722588381712 0.009330064989626408 886
1722588382716 0.009330064989626408 887
1722588383722 0.009330064989626408 888
1722588384725 0.009330064989626408 889
1722588385729 0.009330064989626408 890
1722588386734 0.009330064989626408 891
1722588387738 0.009330064989626408 892
1722588388742 0.009330064989626408 893
1722588389747 0.009330064989626408 894
1722588390751 0.009330064989626408 895
1722588391756 0.009330064989626408 896
1722588392760 0.009330064989626408 897
1722588393764 0.009330064989626408 898
1722588394768 0.009330064989626408 899
1722588395773 0.009330064989626408 900
1722588396777 0.009330064989626408 901
1722588397782 0.009330064989626408 902
1722588398785 0.009330064989626408 903
1722588399790 0.009330064989626408 904
1722588400795 0.009330064989626408 905
1722588401798 0.009330064989626408 906
1722588402802 0.009330064989626408 907
1722588403806 0.009330064989626408 908
1722588404810 0.009330064989626408 909
1722588405814 0.009330064989626408 910
1722588406819 0.009330064989626408 911
1722588407822 0.009330064989626408 912
1722588408826 0.009330064989626408 913
1722588409831 0.009330064989626408 914
1722588410835 0.009330064989626408 915
1722588411839 0.009330064989626408 916
1722588412842 0.009330064989626408 917
1722588413847 0.009330064989626408 918
1722588414854 0.009330064989626408 919
1722588415858 0.009330064989626408 920
1722588416863 0.009330064989626408 921
1722588417867 0.009330064989626408 922
1722588418871 0.009330064989626408 923
1722588419875 0.009330064989626408 924
1722588420880 0.009330064989626408 925
1722588421883 0.009330064989626408 926
1722588422888 0.009330064989626408 927
1722588423893 0.009330064989626408 928
1722588424897 0.009330064989626408 929
1722588425900 0.009330064989626408 930
1722588426905 0.009330064989626408 931
1722588427909 0.009330064989626408 932
1722588428912 0.009330064989626408 933
1722588429916 0.009330064989626408 934
1722588430920 0.009330064989626408 935
1722588431923 0.009330064989626408 936
1722588432928 0.009330064989626408 937
1722588433931 0.009330064989626408 938
1722588434935 0.009330064989626408 939
1722588435939 0.009330064989626408 940
1722588436943 0.009330064989626408 941
1722588437948 0.009330064989626408 942
1722588438952 0.009330064989626408 943
1722588439956 0.009330064989626408 944
1722588440959 0.009330064989626408 945
1722588441965 0.009330064989626408 946
1722588442968 0.009330064989626408 947
1722588443973 0.009330064989626408 948
1722588444978 0.009330064989626408 949
1722588445983 0.009330064989626408 950
1722588446988 0.009330064989626408 951
1722588447992 0.009330064989626408 952
1722588448995 0.009330064989626408 953
1722588450001 0.009330064989626408 954
1722588451005 0.009330064989626408 955
1722588452008 0.009330064989626408 956
1722588453013 0.009330064989626408 957
1722588454017 0.009330064989626408 958
1722588455020 0.009330064989626408 959
1722588456024 0.009330064989626408 960
1722588457029 0.009330064989626408 961
1722588458035 0.009330064989626408 962
1722588459038 0.009330064989626408 963
1722588460042 0.009330064989626408 964
1722588461046 0.009330064989626408 965
1722588462051 0.009330064989626408 966
1722588463054 0.009330064989626408 967
1722588464060 0.009330064989626408 968
1722588465063 0.009330064989626408 969
1722588466068 0.009330064989626408 970
1722588467072 0.009330064989626408 971
1722588468076 0.009330064989626408 972
1722588469081 0.009330064989626408 973
1722588470086 0.009330064989626408 974
1722588471090 0.009330064989626408 975
1722588472094 0.009330064989626408 976
1722588473098 0.009330064989626408 977
1722588474103 0.009330064989626408 978
1722588475107 0.009330064989626408 979
1722588476112 0.009330064989626408 980
1722588477115 0.009330064989626408 981
1722588478119 0.009330064989626408 982
1722588479123 0.009330064989626408 983
1722588480126 0.009330064989626408 984
1722588481130 0.009330064989626408 985
1722588482134 0.009330064989626408 986
1722588483137 0.009330064989626408 987
1722588484142 0.009330064989626408 988
1722588485146 0.009330064989626408 989
1722588486151 0.009330064989626408 990
1722588487155 0.009330064989626408 991
1722588488160 0.009330064989626408 992
1722588489163 0.009330064989626408 993
1722588490168 0.009330064989626408 994
1722588491171 0.009330064989626408 995
1722588492176 0.009330064989626408 996
1722588493180 0.009330064989626408 997
1722588494184 0.009330064989626408 998
1722588495188 0.009330064989626408 999
