1722590122412 0.009330064989626408 0
1722590123416 0.009330064989626408 1
1722590124420 0.009330064989626408 2
1722590125424 0.009330064989626408 3
1722590126430 0.009330064989626408 4
1722590127434 0.009330064989626408 5
1722590128438 0.009330064989626408 6
1722590129442 0.009330064989626408 7
1722590130446 0.009330064989626408 8
1722590131450 0.009330064989626408 9
1722590132454 0.009330064989626408 10
1722590133458 0.009330064989626408 11
1722590134463 0.009330064989626408 12
1722590135467 0.009330064989626408 13
1722590136472 0.009330064989626408 14
1722590137475 0.009330064989626408 15
1722590138479 0.009330064989626408 16
1722590139483 0.009330064989626408 17
1722590140488 0.009330064989626408 18
1722590141492 0.009330064989626408 19
1722590142496 0.009330064989626408 20
1722590143499 0.009330064989626408 21
1722590144503 0.009330064989626408 22
1722590145507 0.009330064989626408 23
1722590146512 0.009330064989626408 24
1722590147516 0.009330064989626408 25
1722590148521 0.009330064989626408 26
1722590149524 0.009330064989626408 27
1722590150660 0.009330064989626408 28
1722590151664 0.009330064989626408 29
1722590152668 0.009330064989626408 30
1722590153673 0.009330064989626408 31
1722590154676 0.009330064989626408 32
1722590155680 0.009330064989626408 33
1722590156684 0.009330064989626408 34
1722590157689 0.009330064989626408 35
1722590158692 0.009330064989626408 36
1722590159697 0.009330064989626408 37
1722590160710 0.009330064989626408 38
1722590161714 0.009330064989626408 39
1722590162718 0.009330064989626408 40
1722590163722 0.009330064989626408 41
1722590164727 0.009330064989626408 42
1722590165732 0.009330064989626408 43
1722590166737 0.009330064989626408 44
1722590167742 0.009330064989626408 45
1722590168746 0.009330064989626408 46
1722590169750 0.009330064989626408 47
1722590170754 0.009330064989626408 48
1722590171758 0.009330064989626408 49
1722590172762 0.009330064989626408 50
1722590173767 0.009330064989626408 51
1722590174771 0.009330064989626408 52
1722590175775 0.009330064989626408 53
1722590176780 0.009330064989626408 54
1722590177785 0.009330064989626408 55
1722590178790 0.009330064989626408 56
1722590179794 0.009330064989626408 57
1722590180798 0.009330064989626408 58
1722590181803 0.009330064989626408 59
1722590182806 0.009330064989626408 60
1722590183811 0.009330064989626408 61
1722590184814 0.009330064989626408 62
1722590185818 0.009330064989626408 63
1722590186823 0.009330064989626408 64
1722590187828 0.009330064989626408 65
1722590188831 0.009330064989626408 66
1722590189836 0.009330064989626408 67
1722590190840 0.009330064989626408 68
1722590191844 0.009330064989626408 69
1722590192848 0.009330064989626408 70
1722590193852 0.009330064989626408 71
1722590194855 0.009330064989626408 72
1722590195860 0.009330064989626408 73
1722590196864 0.009330064989626408 74
1722590197869 0.009330064989626408 75
1722590198873 0.009330064989626408 76
1722590199877 0.009330064989626408 77
1722590200881 0.009330064989626408 78
1722590201884 0.009330064989626408 79
1722590202889 0.009330064989626408 80
1722590203893 0.009330064989626408 81
1722590204897 0.009330064989626408 82
1722590205901 0.009330064989626408 83
1722590206905 0.009330064989626408 84
1722590207908 0.009330064989626408 85
1722590208913 0.009330064989626408 86
1722590209917 0.009330064989626408 87
1722590210921 0.009330064989626408 88
1722590211926 0.009330064989626408 89
1722590212930 0.009330064989626408 90
1722590213934 0.009330064989626408 91
1722590214939 0.009330064989626408 92
1722590215942 0.009330064989626408 93
1722590216947 0.009330064989626408 94
1722590217951 0.009330064989626408 95
1722590218956 0.009330064989626408 96
1722590219960 0.009330064989626408 97
1722590220963 0.009330064989626408 98
1722590221968 0.009330064989626408 99
1722590222975 0.009330064989626408 100
1722590223982 0.009330064989626408 101
1722590224986 0.009330064989626408 102
1722590226014 0.009330064989626408 103
1722590227019 0.009330064989626408 104
1722590228024 0.009330064989626408 105
1722590229029 0.009330064989626408 106
1722590230033 0.009330064989626408 107
1722590231037 0.009330064989626408 108
1722590232041 0.009330064989626408 109
1722590233043 0.009330064989626408 110
1722590234048 0.009330064989626408 111
1722590235052 0.009330064989626408 112
1722590236057 0.009330064989626408 113
1722590237061 0.009330064989626408 114
1722590238065 0.009330064989626408 115
1722590239070 0.009330064989626408 116
1722590240077 0.009330064989626408 117
1722590241082 0.009330064989626408 118
1722590242086 0.009330064989626408 119
1722590243091 0.009330064989626408 120
1722590244095 0.009330064989626408 121
1722590245099 0.009330064989626408 122
1722590246103 0.009330064989626408 123
1722590247107 0.009330064989626408 124
1722590248111 0.009330064989626408 125
1722590249115 0.009330064989626408 126
1722590250119 0.009330064989626408 127
1722590251123 0.009330064989626408 128
1722590252127 0.009330064989626408 129
1722590253131 0.009330064989626408 130
1722590254136 0.009330064989626408 131
1722590255140 0.009330064989626408 132
1722590256145 0.009330064989626408 133
1722590257148 0.009330064989626408 134
1722590258152 0.009330064989626408 135
1722590259156 0.009330064989626408 136
1722590260160 0.009330064989626408 137
1722590261163 0.009330064989626408 138
1722590262167 0.009330064989626408 139
1722590263172 0.009330064989626408 140
1722590264176 0.009330064989626408 141
1722590265182 0.009330064989626408 142
1722590266186 0.009330064989626408 143
1722590267191 0.009330064989626408 144
1722590268195 0.009330064989626408 145
1722590269199 0.009330064989626408 146
1722590270202 0.009330064989626408 147
1722590271208 0.009330064989626408 148
1722590272212 0.009330064989626408 149
1722590273216 0.009330064989626408 150
1722590274221 0.009330064989626408 151
1722590275225 0.009330064989626408 152
1722590276229 0.009330064989626408 153
1722590277236 0.009330064989626408 154
1722590278240 0.009330064989626408 155
1722590279243 0.009330064989626408 156
1722590280248 0.009330064989626408 157
1722590281251 0.009330064989626408 158
1722590282260 0.009330064989626408 159
1722590283267 0.009330064989626408 160
1722590284271 0.009330064989626408 161
1722590285275 0.009330064989626408 162
1722590286280 0.009330064989626408 163
1722590287285 0.009330064989626408 164
1722590288289 0.009330064989626408 165
1722590289292 0.009330064989626408 166
1722590290296 0.009330064989626408 167
1722590291300 0.009330064989626408 168
1722590292305 0.009330064989626408 169
1722590293309 0.009330064989626408 170
1722590294313 0.009330064989626408 171
1722590295316 0.009330064989626408 172
1722590296322 0.009330064989626408 173
1722590297327 0.009330064989626408 174
1722590298331 0.009330064989626408 175
1722590299336 0.009330064989626408 176
1722590300340 0.009330064989626408 177
1722590301343 0.009330064989626408 178
1722590302347 0.009330064989626408 179
1722590303351 0.009330064989626408 180
1722590304356 0.009330064989626408 181
1722590305359 0.009330064989626408 182
1722590306365 0.009330064989626408 183
1722590307369 0.009330064989626408 184
1722590308374 0.009330064989626408 185
1722590309377 0.009330064989626408 186
1722590310383 0.009330064989626408 187
1722590311387 0.009330064989626408 188
1722590312392 0.009330064989626408 189
1722590313397 0.009330064989626408 190
1722590314400 0.009330064989626408 191
1722590315404 0.009330064989626408 192
1722590316410 0.009330064989626408 193
1722590317415 0.009330064989626408 194
1722590318419 0.009330064989626408 195
1722590319424 0.009330064989626408 196
1722590320429 0.009330064989626408 197
1722590321434 0.009330064989626408 198
1722590322437 0.009330064989626408 199
1722590323441 0.009330064989626408 200
1722590324446 0.009330064989626408 201
1722590325450 0.009330064989626408 202
1722590326454 0.009330064989626408 203
1722590327459 0.009330064989626408 204
1722590328463 0.009330064989626408 205
1722590329467 0.009330064989626408 206
1722590330472 0.009330064989626408 207
1722590331478 0.009330064989626408 208
1722590332481 0.009330064989626408 209
1722590333487 0.009330064989626408 210
1722590334491 0.009330064989626408 211
1722590335495 0.009330064989626408 212
1722590336499 0.009330064989626408 213
1722590337505 0.009330064989626408 214
1722590338508 0.009330064989626408 215
1722590339512 0.009330064989626408 216
1722590340515 0.009330064989626408 217
1722590341521 0.009330064989626408 218
1722590342526 0.009330064989626408 219
1722590343530 0.009330064989626408 220
1722590344535 0.009330064989626408 221
1722590345539 0.009330064989626408 222
1722590346544 0.009330064989626408 223
1722590347547 0.009330064989626408 224
1722590348551 0.009330064989626408 225
1722590349555 0.009330064989626408 226
1722590350559 0.009330064989626408 227
1722590351563 0.009330064989626408 228
1722590352567 0.009330064989626408 229
1722590353571 0.009330064989626408 230
1722590354578 0.009330064989626408 231
1722590355587 0.009330064989626408 232
1722590356591 0.009330064989626408 233
1722590357595 0.009330064989626408 234
1722590358599 0.009330064989626408 235
1722590359604 0.009330064989626408 236
1722590360608 0.009330064989626408 237
1722590361613 0.009330064989626408 238
1722590362617 0.009330064989626408 239
1722590363621 0.009330064989626408 240
1722590364625 0.009330064989626408 241
1722590365629 0.009330064989626408 242
1722590366633 0.009330064989626408 243
1722590367638 0.009330064989626408 244
1722590368642 0.009330064989626408 245
1722590369646 0.009330064989626408 246
1722590370650 0.009330064989626408 247
1722590371654 0.009330064989626408 248
1722590372658 0.009330064989626408 249
1722590373661 0.009330064989626408 250
1722590374666 0.009330064989626408 251
1722590375671 0.009330064989626408 252
1722590376675 0.009330064989626408 253
1722590377679 0.009330064989626408 254
1722590378682 0.009330064989626408 255
1722590379686 0.009330064989626408 256
1722590380691 0.009330064989626408 257
1722590381696 0.009330064989626408 258
1722590382700 0.009330064989626408 259
1722590383704 0.009330064989626408 260
1722590384709 0.009330064989626408 261
1722590385713 0.009330064989626408 262
1722590386717 0.009330064989626408 263
1722590387721 0.009330064989626408 264
1722590388725 0.009330064989626408 265
1722590389729 0.009330064989626408 266
1722590390733 0.009330064989626408 267
1722590391737 0.009330064989626408 268
1722590392741 0.009330064989626408 269
1722590393745 0.009330064989626408 270
1722590394749 0.009330064989626408 271
1722590395754 0.009330064989626408 272
1722590396758 0.009330064989626408 273
1722590397762 0.009330064989626408 274
1722590398787 0.009330064989626408 275
1722590399797 0.009330064989626408 276
1722590400801 0.009330064989626408 277
1722590401807 0.009330064989626408 278
1722590402810 0.009330064989626408 279
1722590403815 0.009330064989626408 280
1722590404821 0.009330064989626408 281
1722590405825 0.009330064989626408 282
1722590406831 0.009330064989626408 283
1722590407835 0.009330064989626408 284
1722590408839 0.009330064989626408 285
1722590410592 0.009330064989626408 286
1722590411597 0.009330064989626408 287
1722590412600 0.009330064989626408 288
1722590413604 0.009330064989626408 289
1722590414609 0.009330064989626408 290
1722590415613 0.009330064989626408 291
1722590416618 0.009330064989626408 292
1722590417624 0.009330064989626408 293
1722590418628 0.009330064989626408 294
1722590419632 0.009330064989626408 295
1722590420637 0.009330064989626408 296
1722590421642 0.009330064989626408 297
1722590422647 0.009330064989626408 298
1722590423651 0.009330064989626408 299
1722590424657 0.009330064989626408 300
1722590425660 0.009330064989626408 301
1722590426666 0.009330064989626408 302
1722590427670 0.009330064989626408 303
1722590428675 0.009330064989626408 304
1722590429679 0.009330064989626408 305
1722590430683 0.009330064989626408 306
1722590431687 0.009330064989626408 307
1722590432693 0.009330064989626408 308
1722590433697 0.009330064989626408 309
1722590434702 0.009330064989626408 310
1722590435806 0.009330064989626408 311
1722590436810 0.009330064989626408 312
1722590437815 0.009330064989626408 313
1722590438818 0.009330064989626408 314
1722590439823 0.009330064989626408 315
1722590440827 0.009330064989626408 316
1722590441832 0.009330064989626408 317
1722590442836 0.009330064989626408 318
1722590443840 0.009330064989626408 319
1722590444844 0.009330064989626408 320
1722590445850 0.009330064989626408 321
1722590446854 0.009330064989626408 322
1722590447857 0.009330064989626408 323
1722590448861 0.009330064989626408 324
1722590449866 0.009330064989626408 325
1722590450871 0.009330064989626408 326
1722590451877 0.009330064989626408 327
1722590452881 0.009330064989626408 328
1722590453913 0.009330064989626408 329
1722590454919 0.009330064989626408 330
1722590455923 0.009330064989626408 331
1722590456928 0.009330064989626408 332
1722590457934 0.009330064989626408 333
1722590459716 0.009330064989626408 334
1722590460720 0.009330064989626408 335
1722590461726 0.009330064989626408 336
1722590462731 0.009330064989626408 337
1722590463735 0.009330064989626408 338
1722590464739 0.009330064989626408 339
1722590465745 0.009330064989626408 340
1722590466749 0.009330064989626408 341
1722590467754 0.009330064989626408 342
1722590468758 0.009330064989626408 343
1722590469762 0.009330064989626408 344
1722590470767 0.009330064989626408 345
1722590471771 0.009330064989626408 346
1722590472789 0.009330064989626408 347
1722590473794 0.009330064989626408 348
1722590474798 0.009330064989626408 349
1722590475802 0.009330064989626408 350
1722590476807 0.009330064989626408 351
1722590477814 0.009330064989626408 352
1722590478818 0.009330064989626408 353
1722590479823 0.009330064989626408 354
1722590480828 0.009330064989626408 355
1722590481927 0.009330064989626408 356
1722590482933 0.009330064989626408 357
1722590483937 0.009330064989626408 358
1722590484942 0.009330064989626408 359
1722590485946 0.009330064989626408 360
1722590486950 0.009330064989626408 361
1722590487953 0.009330064989626408 362
1722590488987 0.009330064989626408 363
1722590489991 0.009330064989626408 364
1722590490996 0.009330064989626408 365
1722590492001 0.009330064989626408 366
1722590493004 0.009330064989626408 367
1722590494009 0.009330064989626408 368
1722590495014 0.009330064989626408 369
1722590496019 0.009330064989626408 370
1722590497023 0.009330064989626408 371
1722590498029 0.009330064989626408 372
1722590499032 0.009330064989626408 373
1722590500037 0.009330064989626408 374
1722590501041 0.009330064989626408 375
1722590502046 0.009330064989626408 376
1722590503051 0.009330064989626408 377
1722590504056 0.009330064989626408 378
1722590505060 0.009330064989626408 379
1722590506064 0.009330064989626408 380
1722590507069 0.009330064989626408 381
1722590508100 0.009330064989626408 382
1722590509106 0.009330064989626408 383
1722590510110 0.009330064989626408 384
1722590511116 0.009330064989626408 385
1722590512121 0.009330064989626408 386
1722590513126 0.009330064989626408 387
1722590514135 0.009330064989626408 388
1722590515140 0.009330064989626408 389
1722590516144 0.009330064989626408 390
1722590517149 0.009330064989626408 391
1722590518153 0.009330064989626408 392
1722590519157 0.009330064989626408 393
1722590520166 0.009330064989626408 394
1722590521171 0.009330064989626408 395
1722590522176 0.009330064989626408 396
1722590523180 0.009330064989626408 397
1722590524196 0.009330064989626408 398
1722590525201 0.009330064989626408 399
1722590526205 0.009330064989626408 400
1722590527217 0.009330064989626408 401
1722590528232 0.009330064989626408 402
1722590529256 0.009330064989626408 403
1722590530270 0.009330064989626408 404
1722590531275 0.009330064989626408 405
1722590532279 0.009330064989626408 406
1722590533285 0.009330064989626408 407
1722590534289 0.009330064989626408 408
1722590535293 0.009330064989626408 409
1722590536297 0.009330064989626408 410
1722590537300 0.009330064989626408 411
1722590538305 0.009330064989626408 412
1722590539309 0.009330064989626408 413
1722590540313 0.009330064989626408 414
1722590541319 0.009330064989626408 415
1722590542323 0.009330064989626408 416
1722590543326 0.009330064989626408 417
1722590544330 0.009330064989626408 418
1722590545335 0.009330064989626408 419
1722590546338 0.009330064989626408 420
1722590547342 0.009330064989626408 421
1722590548347 0.009330064989626408 422
1722590549351 0.009330064989626408 423
1722590550355 0.009330064989626408 424
1722590551360 0.009330064989626408 425
1722590552363 0.009330064989626408 426
1722590553367 0.009330064989626408 427
1722590554372 0.009330064989626408 428
1722590555376 0.009330064989626408 429
1722590556382 0.009330064989626408 430
1722590557414 0.009330064989626408 431
1722590558418 0.009330064989626408 432
1722590559422 0.009330064989626408 433
1722590560427 0.009330064989626408 434
1722590561433 0.009330064989626408 435
1722590562474 0.009330064989626408 436
1722590563522 0.009330064989626408 437
1722590564527 0.009330064989626408 438
1722590565531 0.009330064989626408 439
1722590566613 0.009330064989626408 440
1722590567619 0.009330064989626408 441
1722590568624 0.009330064989626408 442
1722590569629 0.009330064989626408 443
1722590570634 0.009330064989626408 444
1722590571638 0.009330064989626408 445
1722590572643 0.009330064989626408 446
1722590573646 0.009330064989626408 447
1722590575234 0.009330064989626408 448
1722590576238 0.009330064989626408 449
1722590577250 0.009330064989626408 450
1722590578325 0.009330064989626408 451
1722590579330 0.009330064989626408 452
1722590580335 0.009330064989626408 453
1722590581339 0.009330064989626408 454
1722590582343 0.009330064989626408 455
1722590583349 0.009330064989626408 456
1722590584354 0.009330064989626408 457
1722590585359 0.009330064989626408 458
1722590586363 0.009330064989626408 459
1722590587369 0.009330064989626408 460
1722590588374 0.009330064989626408 461
1722590589378 0.009330064989626408 462
1722590590429 0.009330064989626408 463
1722590591458 0.009330064989626408 464
1722590592464 0.009330064989626408 465
1722590593468 0.009330064989626408 466
1722590594472 0.009330064989626408 467
1722590595534 0.009330064989626408 468
1722590596538 0.009330064989626408 469
1722590597542 0.009330064989626408 470
1722590598547 0.009330064989626408 471
1722590599552 0.009330064989626408 472
1722590600556 0.009330064989626408 473
1722590601593 0.009330064989626408 474
1722590602598 0.009330064989626408 475
1722590603603 0.009330064989626408 476
1722590604607 0.009330064989626408 477
1722590605611 0.009330064989626408 478
1722590606616 0.009330064989626408 479
1722590607621 0.009330064989626408 480
1722590608626 0.009330064989626408 481
1722590609631 0.009330064989626408 482
1722590610636 0.009330064989626408 483
1722590611694 0.009330064989626408 484
1722590612739 0.009330064989626408 485
1722590613742 0.009330064989626408 486
1722590614747 0.009330064989626408 487
1722590615814 0.009330064989626408 488
1722590616821 0.009330064989626408 489
1722590617826 0.009330064989626408 490
1722590618830 0.009330064989626408 491
1722590619835 0.009330064989626408 492
1722590620839 0.009330064989626408 493
1722590621844 0.009330064989626408 494
1722590622848 0.009330064989626408 495
1722590623852 0.009330064989626408 496
1722590624856 0.009330064989626408 497
1722590625861 0.009330064989626408 498
1722590626865 0.009330064989626408 499
1722590627869 0.009330064989626408 500
1722590628874 0.009330064989626408 501
1722590629879 0.009330064989626408 502
1722590630884 0.009330064989626408 503
1722590631887 0.009330064989626408 504
1722590632891 0.009330064989626408 505
1722590633896 0.009330064989626408 506
1722590634920 0.009330064989626408 507
1722590635937 0.009330064989626408 508
1722590636944 0.009330064989626408 509
1722590637955 0.009330064989626408 510
1722590638961 0.009330064989626408 511
1722590639965 0.009330064989626408 512
1722590640970 0.009330064989626408 513
1722590641974 0.009330064989626408 514
1722590642979 0.009330064989626408 515
1722590643983 0.009330064989626408 516
1722590644989 0.009330064989626408 517
1722590645994 0.009330064989626408 518
1722590647027 0.009330064989626408 519
1722590648032 0.009330064989626408 520
1722590649035 0.009330064989626408 521
1722590650039 0.009330064989626408 522
1722590651043 0.009330064989626408 523
1722590652049 0.009330064989626408 524
1722590653053 0.009330064989626408 525
1722590654061 0.009330064989626408 526
1722590655065 0.009330064989626408 527
1722590656069 0.009330064989626408 528
1722590657073 0.009330064989626408 529
1722590658078 0.009330064989626408 530
1722590659091 0.009330064989626408 531
1722590660101 0.009330064989626408 532
1722590661104 0.009330064989626408 533
1722590662109 0.009330064989626408 534
1722590663114 0.009330064989626408 535
1722590664119 0.009330064989626408 536
1722590665133 0.009330064989626408 537
1722590666138 0.009330064989626408 538
1722590667144 0.009330064989626408 539
1722590668148 0.009330064989626408 540
1722590669154 0.009330064989626408 541
1722590670158 0.009330064989626408 542
1722590671162 0.009330064989626408 543
1722590672167 0.009330064989626408 544
1722590673184 0.009330064989626408 545
1722590674188 0.009330064989626408 546
1722590675193 0.009330064989626408 547
1722590676197 0.009330064989626408 548
1722590677202 0.009330064989626408 549
1722590678207 0.009330064989626408 550
1722590679212 0.009330064989626408 551
1722590680216 0.009330064989626408 552
1722590681220 0.009330064989626408 553
1722590682224 0.009330064989626408 554
1722590683230 0.009330064989626408 555
1722590684234 0.009330064989626408 556
1722590685239 0.009330064989626408 557
1722590686244 0.009330064989626408 558
1722590687248 0.009330064989626408 559
1722590688252 0.009330064989626408 560
1722590689256 0.009330064989626408 561
1722590690260 0.009330064989626408 562
1722590691265 0.009330064989626408 563
1722590692269 0.009330064989626408 564
1722590693273 0.009330064989626408 565
1722590694278 0.009330064989626408 566
1722590695283 0.009330064989626408 567
1722590696289 0.009330064989626408 568
1722590697293 0.009330064989626408 569
1722590698298 0.009330064989626408 570
1722590699302 0.009330064989626408 571
1722590700306 0.009330064989626408 572
1722590701310 0.009330064989626408 573
1722590702314 0.009330064989626408 574
1722590703568 0.009330064989626408 575
1722590704572 0.009330064989626408 576
1722590705612 0.009330064989626408 577
1722590706617 0.009330064989626408 578
1722590707620 0.009330064989626408 579
1722590708645 0.009330064989626408 580
1722590709650 0.009330064989626408 581
1722590710697 0.009330064989626408 582
1722590711700 0.009330064989626408 583
1722590712705 0.009330064989626408 584
1722590713710 0.009330064989626408 585
1722590714715 0.009330064989626408 586
1722590715719 0.009330064989626408 587
1722590717704 0.009330064989626408 588
1722590718709 0.009330064989626408 589
1722590719712 0.009330064989626408 590
1722590721219 0.009330064989626408 591
1722590722222 0.009330064989626408 592
1722590723227 0.009330064989626408 593
1722590724233 0.009330064989626408 594
1722590725239 0.009330064989626408 595
1722590726243 0.009330064989626408 596
1722590727248 0.009330064989626408 597
1722590728252 0.009330064989626408 598
1722590729257 0.009330064989626408 599
1722590730324 0.009330064989626408 600
1722590731760 0.009330064989626408 601
1722590732765 0.009330064989626408 602
1722590733770 0.009330064989626408 603
1722590734776 0.009330064989626408 604
1722590735780 0.009330064989626408 605
1722590736847 0.009330064989626408 606
