1722257113552 0.15853913093606203 0
1722257115572 0.08264107709360378 1
1722257117581 0.08014856407554259 2
1722257119536 0.0646096451941024 3
1722257121513 0.05669210734162007 4
1722257123416 0.055438688509597246 5
1722257125405 0.0502721505561894 6
1722257127358 0.05273891955085306 7
1722257129263 0.04637181423308575 8
1722257131082 0.0417910530970872 9
1722257133093 0.04466423861961603 10
1722257135072 0.03846981941346492 11
1722257137176 0.035875598644071256 12
1722257139147 0.03660716073585285 13
1722257141044 0.034415617466977716 14
1722257143113 0.030398357621423205 15
