1722257834952 0.27943505015866865 0
1722257836729 0.17725854823367415 1
1722257838553 0.14746595621160472 2
1722257840349 0.1337951408820415 3
1722257842158 0.1214284019931016 4
1722257843943 0.10874028024515367 5
1722257845709 0.1024909881221015 6
1722257847462 0.09492745597196602 7
1722257849286 0.08884567585459358 8
1722257850999 0.08336301482963018 9
1722257852784 0.08047739979560933 10
1722257854619 0.07644866890156748 11
1722257856575 0.075089464268059 12
1722257858557 0.07195202133709482 13
1722257860350 0.0711953959036493 14
1722257862133 0.06664189642661594 15
1722257864113 0.06569635818667866 16
1722257865928 0.06240203766597097 17
1722257867809 0.06295305331086602 18
1722257869651 0.061651833864268896 19
