1722262599400 0.621517850438294 0
1722262600014 0.3771641276811528 1
1722262600617 0.19943343921968346 2
1722262601219 0.14895582045221797 3
1722262601840 0.1324792276753331 4
1722262602483 0.11987204758244215 5
1722262603075 0.11032041061770585 6
1722262603676 0.10399320658326582 7
1722262604285 0.09771001614801338 8
1722262604889 0.0948986373285317 9
1722262605481 0.09186616740082545 10
1722262606090 0.08937372420220523 11
1722262606680 0.08727587049045704 12
1722262607300 0.08705459717365872 13
1722262607888 0.08223899415924314 14
1722262608504 0.0804570735795827 15
1722262609087 0.08160495373369436 16
1722262609661 0.07741276610676766 17
1722262610233 0.07533625118721336 18
1722262610810 0.07651052373361554 19
1722262611386 0.07413563393413418 20
1722262611960 0.07192120392938864 21
1722262612533 0.0706247104361764 22
1722262613112 0.07020162867436527 23
1722262613688 0.06892801905567114 24
1722262614262 0.06893358658404161 25
1722262614838 0.06596823248505963 26
1722262615418 0.06802780449517783 27
1722262615994 0.06423396977930979 28
1722262616598 0.06294213399867427 29
1722262617269 0.06369906959164598 30
1722262617923 0.059663673102124906 31
1722262618552 0.06225166025299253 32
1722262619148 0.06470649463866447 33
1722262619766 0.061882027807146786 34
1722262620344 0.06110682056876142 35
1722262620930 0.05949324660100965 36
1722262621564 0.05563705196876566 37
1722262622202 0.05820132158355708 38
1722262622837 0.057116150488860505 39
1722262623524 0.05427881835394883 40
1722262624149 0.05534331198698744 41
1722262624758 0.056364362598484485 42
1722262625359 0.052716397452778486 43
1722262625959 0.0535134440936062 44
1722262626565 0.05596619420251458 45
1722262627156 0.04948661391507687 46
1722262627824 0.051167498750056016 47
1722262628480 0.05265941275816016 48
1722262629124 0.05093418750246146 49
