1722257294428 0.23256636076826975 0
1722257296535 0.11363251766656639 1
1722257298640 0.09011358674985513 2
1722257300773 0.07468014603898514 3
1722257302911 0.06832656850534963 4
1722257305010 0.06116159988219535 5
1722257307131 0.05474863013780435 6
1722257309322 0.05579993094489213 7
1722257311452 0.050888019951648704 8
1722257313546 0.04739714300597996 9
1722257315636 0.04823223864516535 10
1722257317789 0.04617116854631763 11
1722257320221 0.0436885212174165 12
1722257322375 0.04027960434404191 13
1722257324614 0.04185120327736873 14
1722257327013 0.040778880848183756 15
1722257329509 0.04320302879051187 16
1722257331961 0.03694197839565679 17
1722257334350 0.035014402217959734 18
1722257336660 0.03390706660850943 19
1722257338755 0.0332858501401997 20
1722257340885 0.03154123561066644 21
1722257342887 0.032038490828483694 22
1722257344886 0.029699185781761107 23
1722257346872 0.025449754366951273 24
