1722267865065 0.4919335267957968 0
1722267866795 0.21737964081035502 1
1722267868193 0.15960916735269187 2
1722267869606 0.13685133613220174 3
1722267871238 0.1285839501933676 4
1722267872760 0.11757428568429722 5
1722267874306 0.11476101894449475 6
1722267875874 0.11050183030092701 7
1722267877525 0.11103693183953435 8
1722267879212 0.10662174353511443 9
1722267880807 0.10250633632971037 10
1722267882373 0.10202433166572249 11
1722267883839 0.097433323142566 12
1722267885290 0.09520262719600482 13
1722267886678 0.09371697318829768 14
1722267888277 0.09584274122009333 15
1722267889834 0.0917502049336757 16
1722267891424 0.08851208697996121 17
1722267892965 0.08722156498203561 18
1722267894424 0.088436987736727 19
1722267896017 0.08538598426881591 20
1722267897507 0.08370923196845126 21
1722267899058 0.08505474984712745 22
1722267900679 0.08356123628614892 23
1722267902218 0.07985768835278213 24
1722267903728 0.08056047356920196 25
1722267905281 0.08011397432797705 26
1722267906726 0.07823277465925792 27
1722267908243 0.07590831694164397 28
1722267909775 0.0750906942066489 29
1722267910426 0.07388386023868511 30
1722267910984 0.07291542021408123 31
1722267911615 0.07302670182084156 32
1722267912324 0.07427493218339605 33
1722267912895 0.07395431200826215 34
1722267913473 0.06948556020284019 35
1722267914066 0.06875958921398406 36
1722267914689 0.06836978269043291 37
1722267915615 0.06788323253027785 38
1722267916656 0.06468428992634943 39
1722267918161 0.06539285449789423 40
1722267919796 0.06726161569506162 41
1722267921456 0.0624500148704665 42
1722267923070 0.06461580443250517 43
1722267924625 0.06341776830464102 44
1722267926159 0.06431303560789119 45
1722267927743 0.06125044452158039 46
1722267929088 0.06099443935131887 47
1722267930443 0.0627882874057281 48
1722267932009 0.06133300554894388 49
