1722257178443 0.2598659418377928 0
1722257180216 0.1643700688341454 1
1722257181926 0.1400709954172275 2
1722257183704 0.12637317707230444 3
1722257185488 0.11244911598332742 4
1722257187276 0.10193748068256794 5
1722257189057 0.09504259074985867 6
1722257190781 0.08984304713788088 7
1722257192475 0.0822695269756131 8
1722257194205 0.077866075269362 9
1722257195958 0.07449144959395732 10
1722257197696 0.07061550826570198 11
1722257199425 0.06779367440388036 12
1722257201184 0.0673908825447174 13
1722257202936 0.0634354928389714 14
1722257204699 0.06155683311351201 15
1722257206420 0.06127107664740105 16
1722257208169 0.05928194294168199 17
1722257209953 0.057066383545642856 18
1722257211674 0.05621370843442312 19
1722257213372 0.054679629954192135 20
1722257215043 0.0531082340852108 21
1722257216848 0.05223195825641847 22
1722257218573 0.04999055308014015 23
1722257220227 0.05069708669639544 24
1722257221988 0.048895494000668754 25
1722257223731 0.048303586651656814 26
1722257225424 0.0496770651881414 27
1722257227122 0.04534461500068142 28
1722257228950 0.04491503646639402 29
