1720679827286 0.5902284586255708 1
1720679839241 0.5776882512449638 2
1720679850952 0.5736552405009586 3
1720679862700 0.5707805604177317 4
1720679874564 0.5683144622915568 5
1720679886417 0.565043099946682 6
1720679898203 0.5611705794713099 7
1720679910071 0.556828275491971 8
1720679921968 0.5559887076892575 9
1720679933632 0.5526567092204596 10
1720679945482 0.5512064876780518 11
1720679957321 0.5512677488489321 12
1720679969073 0.5510672409491949 13
1720679980916 0.5515943114529552 14
1720679992818 0.5509643769148297 15
1720680004857 0.5487260623341441 16
1720680016768 0.548795585481622 17
1720680028442 0.5483401167141561 18
1720680040230 0.5474860439810606 19
1720680052167 0.5470730395525742 20
1720680064169 0.5483748190986473 21
1720680076031 0.5489210773325817 22
1720680087799 0.549625269617022 23
1720680099535 0.5473645598614042 24
1720680111532 0.5475842832552942 25
1720680123316 0.5475590106154183 26
1720680134938 0.5472274303822695 27
1720680146749 0.5463764806234276 28
1720680158435 0.546949184443228 29
1720680170237 0.5471444726376711 30
1720680182184 0.5456366839826203 31
1720680194091 0.5458120025150973 32
1720680205833 0.544467000018449 33
1720680217566 0.5447326201480637 34
1720680229512 0.5452282628904865 35
1720680241348 0.54409441362517 36
1720680253142 0.5451119875019141 37
1720680264956 0.5394726299775864 38
1720680276618 0.5360741225015402 39
1720680288280 0.5347983920593509 40
1720680299876 0.5344263792617587 41
1720680311361 0.5336568092217902 42
1720680322856 0.5332727304733746 43
1720680334629 0.5324557857343405 44
1720680346498 0.5325263586384358 45
1720680358005 0.5325420962063961 46
1720680369452 0.5320970808474326 47
1720680381055 0.5322643819852239 48
1720680392841 0.5322934463306223 49
1720680404665 0.5319737182444073 50
1720680416355 0.5321789433929097 51
1720680428015 0.5320614687047862 52
1720680439750 0.531890611903594 53
1720680451486 0.5319733998957098 54
1720680463294 0.5321304126535474 55
1720680475010 0.5324232543306954 56
1720680486606 0.5319547234516669 57
1720680498228 0.5319180950739781 58
1720680509932 0.5321561317582957 59
1720680521694 0.5323224200711645 60
1720680533237 0.5318502542941651 61
1720680544854 0.5320915695334176 62
1720680556607 0.5319984174528231 63
1720680568471 0.5321099690718628 64
1720680580208 0.5320837560117341 65
1720680591871 0.5319483831017678 66
1720680603521 0.5319206762738901 67
1720680615230 0.5320447705553262 68
1720680626903 0.5318149422710486 69
1720680638667 0.531855340434821 70
