1722260824355 0.5346438131520135 0
1722260824990 0.19216554902816885 1
1722260825607 0.1453030205911829 2
1722260826241 0.11794155752992325 3
1722260826871 0.10807428526880415 4
1722260827503 0.10032398668987066 5
1722260828119 0.08877217651514825 6
1722260828768 0.08645367793361874 7
1722260829461 0.08161690118033493 8
1722260830166 0.07625846906227886 9
1722260830849 0.0754903316873484 10
1722260831506 0.07262987699639487 11
1722260832153 0.06793578776274088 12
1722260832785 0.06984788526259356 13
1722260833437 0.06831855575248992 14
1722260834066 0.06262151993061055 15
1722260834730 0.05881085463525656 16
1722260835447 0.05935188096728767 17
1722260836143 0.055756300194386765 18
1722260836791 0.055703447434676166 19
1722260837375 0.05771763566440765 20
1722260837964 0.05343356338462935 21
1722260838574 0.05262164474099725 22
1722260839197 0.04760338213025206 23
1722260839813 0.04621280506902965 24
1722260840411 0.045646504910241095 25
1722260841014 0.04509068626548276 26
1722260841618 0.04279026379762145 27
1722260842230 0.04481018428097136 28
1722260842829 0.04277499661684561 29
1722260843433 0.042424801813299905 30
1722260844054 0.040441085860995825 31
1722260844661 0.037251378189398617 32
1722260845260 0.03877005486795269 33
