1722257572779 0.3565812859149655 0
1722257576199 0.17104240709523671 1
1722257579517 0.1341010113376201 2
1722257582898 0.11570892930596918 3
1722257586129 0.10357092753981621 4
1722257589335 0.09368759057894825 5
1722257592676 0.0888794014210107 6
1722257595876 0.08052302135032058 7
1722257599141 0.0784073652494702 8
1722257602447 0.07167526123911126 9
1722257605829 0.07298889320695612 10
1722257609124 0.06545868397603029 11
1722257612209 0.06460079490402534 12
1722257615517 0.06274872615822773 13
1722257618729 0.05946634863902921 14
1722257621907 0.05940067222201336 15
1722257625131 0.05532454279917362 16
1722257628320 0.05527648395784566 17
1722257631662 0.05212205003234898 18
1722257634952 0.0536083967262981 19
