1722511286695 0.008713880553841591 0
1722511287698 0.008713880553841591 1
1722511288703 0.008713880553841591 2
1722511289707 0.008713880553841591 3
1722511290710 0.008713880553841591 4
1722511291714 0.008713880553841591 5
1722511292718 0.008713880553841591 6
1722511293721 0.008713880553841591 7
1722511294726 0.008713880553841591 8
1722511295731 0.008713880553841591 9
1722511296735 0.008713880553841591 10
1722511297739 0.008713880553841591 11
1722511298743 0.008713880553841591 12
1722511299746 0.008713880553841591 13
1722511300750 0.008713880553841591 14
