1722261002765 0.556478414288911 0
1722261003186 0.5501434292597303 1
1722261003566 0.5350479076119042 2
1722261003974 0.4981388735598263 3
1722261004396 0.435715006291609 4
1722261004820 0.35502955149727317 5
1722261005231 0.2793524585930594 6
1722261005635 0.2199195046315558 7
1722261006004 0.18454007840160672 8
1722261006391 0.15904091854639735 9
1722261006843 0.14018442093337927 10
1722261007244 0.12872024105118463 11
1722261007637 0.12068349885170662 12
1722261008044 0.1156046654796831 13
1722261008436 0.11214983854922085 14
1722261008817 0.10686534166624254 15
1722261009221 0.10762357387895659 16
1722261009638 0.10636204666778268 17
1722261010050 0.10425899358039445 18
1722261010447 0.10208141352666761 19
1722261010825 0.10258999460656147 20
1722261011205 0.10265171793412511 21
1722261011618 0.10049033369865777 22
1722261012016 0.10140899824632447 23
1722261012434 0.0996364621955987 24
1722261012858 0.09982712379864354 25
1722261013281 0.09758652294959415 26
1722261013652 0.09599071330363691 27
1722261014045 0.0985000602909988 28
1722261014450 0.09651287899715587 29
1722261014834 0.09801484502631957 30
1722261015232 0.09678620695707568 31
1722261015647 0.09631444372402698 32
1722261016054 0.0948942223915348 33
1722261016474 0.09427185079326975 34
1722261016858 0.09336004978741538 35
1722261017261 0.09299301210307762 36
1722261017665 0.09297450880761762 37
1722261018048 0.09324407565420803 38
1722261018479 0.08958985466214787 39
1722261018873 0.09121882205948355 40
1722261019269 0.09155134986195101 41
1722261019660 0.09023211022767867 42
1722261020058 0.09108674552171336 43
1722261020444 0.08946211951021044 44
1722261020834 0.09115556472736491 45
1722261021214 0.08841327446083642 46
1722261021613 0.0870984918466042 47
1722261021997 0.08587022338263875 48
1722261022398 0.08888621877880834 49
