1720359830317 6.187811374664307 0
1720359830324 3.5067389011383057 1
1720359830330 1.9968451261520386 2
1720359830335 1.1463123559951782 3
1720359830339 0.666999876499176 4
1720359830343 0.39668986201286316 5
1720359830347 0.24405668675899506 6
1720359830350 0.1576857715845108 7
1720359830354 0.10863161087036133 8
1720359830357 0.0805979073047638 9
1720359830361 0.06441015005111694 10
1720359830364 0.05490273982286453 11
1720359830367 0.04916731268167496 12
1720359830370 0.04556623473763466 13
1720359830373 0.04317719489336014 14
1720359830375 0.041480712592601776 15
1720359830378 0.04018399119377136 16
1720359830380 0.039121970534324646 17
1720359830383 0.03820141777396202 18
1720359830385 0.037369586527347565 19
1720359830388 0.03659653291106224 20
1720359830391 0.03586515784263611 21
1720359830394 0.03516557067632675 22
1720359830396 0.034491993486881256 23
1720359830398 0.033840928226709366 24
1720359830401 0.033210188150405884 25
1720359830403 0.03259832784533501 26
1720359830405 0.032004326581954956 27
1720359830408 0.03142740577459335 28
1720359830410 0.030866920948028564 29
1720359830412 0.030322330072522163 30
1720359830415 0.02979312837123871 31
1720359830418 0.029278859496116638 32
1720359830421 0.02877908945083618 33
1720359830424 0.02829340286552906 34
1720359830426 0.027821388095617294 35
1720359830428 0.02736266702413559 36
1720359830431 0.026916855946183205 37
1720359830433 0.026483602821826935 38
1720359830436 0.02606254257261753 39
1720359830439 0.025653338059782982 40
1720359830441 0.025255657732486725 41
1720359830444 0.0248691625893116 42
1720359830446 0.024493549019098282 43
1720359830448 0.0241285040974617 44
1720359830451 0.023773740977048874 45
1720359830453 0.02342897467315197 46
1720359830455 0.023093901574611664 47
1720359830458 0.022768259048461914 48
1720359830460 0.02245178446173668 49
1720359830462 0.022144217044115067 50
1720359830465 0.021845314651727676 51
1720359830467 0.02155482769012451 52
1720359830469 0.021272514015436172 53
1720359830471 0.020998144522309303 54
1720359830474 0.020731501281261444 55
1720359830477 0.020472362637519836 56
1720359830480 0.02022051252424717 57
1720359830482 0.019975759088993073 58
1720359830485 0.01973789744079113 59
1720359830488 0.019506730139255524 60
1720359830491 0.019282067194581032 61
1720359830493 0.019063735380768776 62
1720359830497 0.018851540982723236 63
1720359830499 0.01864532008767128 64
1720359830502 0.018444901332259178 65
1720359830504 0.018250131979584694 66
1720359830507 0.018060840666294098 67
1720359830510 0.01787688210606575 68
1720359830513 0.017698101699352264 69
1720359830516 0.017524348571896553 70
1720359830519 0.017355484887957573 71
1720359830521 0.017191387712955475 72
1720359830525 0.017031896859407425 73
1720359830528 0.01687689870595932 74
1720359830532 0.016726266592741013 75
1720359830534 0.016579873859882355 76
1720359830537 0.016437601298093796 77
1720359830540 0.016299335286021233 78
1720359830543 0.01616496406495571 79
1720359830550 0.016034366562962532 80
1720359830554 0.015907451510429382 81
1720359830557 0.015784110873937607 82
1720359830561 0.0156642384827137 83
1720359830565 0.015547741204500198 84
1720359830570 0.015434522181749344 85
1720359830572 0.015324489213526249 86
1720359830575 0.015217560343444347 87
1720359830578 0.015113637782633305 88
1720359830581 0.01501263864338398 89
1720359830584 0.014914486557245255 90
1720359830587 0.01481909491121769 91
1720359830589 0.014726392924785614 92
1720359830593 0.014636296778917313 93
1720359830595 0.01454873476177454 94
1720359830598 0.0144636370241642 95
1720359830600 0.014380940236151218 96
1720359830602 0.014300567097961903 97
1720359830605 0.014222454279661179 98
1720359830607 0.014146547764539719 99
