1722256621451 0.15724105305713687 0
1722256626775 0.0850885713415388 1
1722256632533 0.06981995396999226 2
1722256637629 0.060459203561380355 3
1722256642698 0.05579137603419895 4
1722256647796 0.053231217259159365 5
1722256653202 0.043823581428864194 6
1722256658356 0.043333233887514 7
1722256663680 0.03851781183111711 8
1722256668861 0.03352090185213827 9
1722256674186 0.032231417111232244 10
1722256679468 0.02841685289696201 11
1722256684978 0.02911151516074522 12
1722256690559 0.0237111413343664 13
1722256695821 0.027378329080938804 14
1722256701249 0.024173543340923913 15
1722256706556 0.020179934240009186 16
1722256712419 0.019214074558018285 17
