1722260860599 0.6718970522467202 0
1722260861167 0.574658976402375 1
1722260861736 0.33618577184392634 2
1722260862301 0.16364429696064048 3
1722260862876 0.13856823982465372 4
1722260863449 0.12521049502270146 5
1722260864014 0.11653313834810068 6
1722260864570 0.1103744792089862 7
1722260865132 0.10491904578916439 8
1722260865714 0.1009655838246544 9
1722260866269 0.098449253550652 10
1722260866832 0.09728015811820863 11
1722260867398 0.0929631082679767 12
1722260867951 0.09026230216036599 13
1722260868509 0.08984408253120997 14
1722260869073 0.0890365470180835 15
1722260869674 0.08656781174061089 16
1722260870228 0.08359018429159151 17
1722260870776 0.0822249760803339 18
1722260871329 0.0824518502530523 19
1722260871860 0.08086284221973553 20
1722260872385 0.08080119593253902 21
1722260872913 0.07546241013833359 22
1722260873435 0.0744390700213795 23
1722260873971 0.07473546112680904 24
1722260874514 0.07467244290030285 25
1722260875044 0.07334956804400095 26
1722260875581 0.07034553897759598 27
1722260876120 0.06890993737722592 28
1722260876653 0.06804962692731785 29
1722260877193 0.06959093251575812 30
1722260877717 0.06569559448769345 31
1722260878250 0.0669263547446892 32
1722260878794 0.06346241371621536 33
1722260879347 0.06316614825924384 34
1722260879913 0.06148278746701503 35
1722260880480 0.06181024183170039 36
1722260881017 0.061461915123897023 37
1722260881549 0.058724318413079 38
1722260882073 0.06006166932355285 39
1722260882604 0.05648564732374768 40
1722260883122 0.05976905928292004 41
1722260883650 0.05673432109037652 42
1722260884168 0.055136287860952524 43
1722260884690 0.055972583465531606 44
1722260885208 0.053485954677944376 45
1722260885728 0.0540564532791049 46
1722260886252 0.05363392709020896 47
1722260886784 0.05172043648167114 48
1722260887310 0.05027142461718024 49
