1722260496395 0.6495132901223495 0
1722260496937 0.5957447322739403 1
1722260497468 0.521313113924177 2
1722260498009 0.41754775937306327 3
1722260498555 0.2793752404331564 4
1722260499156 0.18012578650843272 5
1722260499686 0.14049454388084692 6
1722260500192 0.1256913432642043 7
1722260500730 0.11745595009786809 8
1722260501247 0.11065195832659473 9
1722260501772 0.10704544339180404 10
1722260502308 0.10359084812023339 11
1722260502820 0.1028469467956648 12
1722260503359 0.10115498335244968 13
1722260503908 0.09995070175031186 14
1722260504477 0.09888891389674215 15
1722260504995 0.09795765499493513 16
1722260505517 0.09673860104842376 17
1722260506085 0.0950873272967586 18
1722260506623 0.09595656952224228 19
1722260507153 0.09434517239275281 20
1722260507670 0.09426335935620647 21
1722260508166 0.09235835428415771 22
1722260508667 0.09252298104960649 23
1722260509162 0.09155455712847214 24
1722260509655 0.08940704706834349 25
1722260510174 0.08948713662226651 26
1722260510687 0.08991628019208324 27
1722260511196 0.08843139082095594 28
1722260511719 0.0875851424429273 29
1722260512225 0.08646550278662297 30
1722260512731 0.08638276661014622 31
1722260513256 0.0858427847366818 32
1722260513780 0.08486282658021678 33
1722260514282 0.0849079042673111 34
1722260514796 0.08255181703063577 35
1722260515297 0.08141570582926695 36
1722260515812 0.08338360379055526 37
1722260516308 0.08391574695590576 38
1722260516793 0.08225913071386391 39
1722260517300 0.08173447891496002 40
1722260517785 0.08102018501821207 41
1722260518274 0.08144606646241054 42
1722260518753 0.08047681574136703 43
1722260519258 0.0781518057377263 44
1722260519750 0.07900819067697393 45
1722260520237 0.07909925459903246 46
1722260520755 0.07845577588612047 47
1722260521229 0.07741956186740227 48
1722260521823 0.07783529033234361 49
