1722260350623 0.6259266433681238 0
1722260351232 0.4930363770409006 1
1722260351837 0.2768569362403362 2
1722260352327 0.14842063497717856 3
1722260352826 0.12290574363724717 4
1722260353318 0.11171378856072914 5
1722260353824 0.1063468239376776 6
1722260354301 0.10159293319653649 7
1722260354812 0.10051330884922109 8
1722260355349 0.09657092779447657 9
1722260355854 0.09509401514089245 10
1722260356341 0.09355671179920379 11
1722260356839 0.09339878928772506 12
1722260357332 0.09131027046128518 13
1722260357836 0.09126007551382992 14
1722260358328 0.09102875533547658 15
1722260358818 0.08931103000583641 16
1722260359304 0.0879571973728127 17
1722260359804 0.08608142893072755 18
1722260360299 0.08625786804676601 19
1722260360783 0.0848344835269237 20
1722260361272 0.08466876884226024 21
1722260361757 0.08174099533221528 22
1722260362235 0.08276493349978599 23
1722260362715 0.08210186763344765 24
1722260363226 0.07912668381315713 25
1722260363723 0.07944132835110365 26
1722260364248 0.07769057439632766 27
1722260364746 0.07972086297241678 28
1722260365301 0.07689517981914262 29
1722260365848 0.07745360274159256 30
1722260366399 0.0755381666148312 31
1722260366948 0.07661489281816879 32
1722260367490 0.07494476950785138 33
1722260368031 0.07498885113749144 34
1722260368590 0.07385963092935537 35
1722260369138 0.0723728885321888 36
1722260369675 0.0707657949034362 37
1722260370230 0.07098351181340823 38
1722260370786 0.07023827572202172 39
1722260371353 0.07086927440944442 40
1722260371910 0.0683907525565014 41
1722260372465 0.06916317409166574 42
1722260372994 0.06622669266279838 43
1722260373521 0.06561816736484537 44
1722260374057 0.06434816972355298 45
1722260374561 0.06538895418086837 46
1722260375084 0.06436276558463055 47
1722260375597 0.06333436369667567 48
1722260376124 0.06531557650116364 49
