1722245853630 0.4237487159529162 0
1722245853985 0.12934836743460934 1
1722245854345 0.10780544985845451 2
1722245854691 0.09637665775614357 3
1722245855028 0.09095752129739398 4
1722245855394 0.08785364719468311 5
1722245855740 0.08434561471096326 6
1722245856104 0.07949005406233461 7
1722245856450 0.07621049458854784 8
1722245856827 0.07435266526637557 9
1722245857197 0.07112779072867817 10
1722245857565 0.06854944653195372 11
1722245857930 0.06764794989553187 12
1722245858304 0.06465203117015057 13
1722245858672 0.0650705810301128 14
1722245859047 0.06394367681134655 15
1722245859419 0.062373299357511694 16
1722245859784 0.06058845105638078 17
1722245860144 0.05994743838754472 18
1722245860505 0.058281150458827986 19
1722245860867 0.06182040593729512 20
1722245861230 0.05834255924284654 21
1722245861580 0.0564014787869819 22
1722245861934 0.056834583846970224 23
1722245862289 0.055142996264703634 24
1722245862634 0.05442255791331373 25
1722245862998 0.05277696656112411 26
1722245863357 0.05149337241869659 27
1722245863707 0.051816380969849384 28
1722245864049 0.05033579476124943 29
1722245864394 0.04829924982015389 30
1722245864718 0.05123160257253637 31
1722245865043 0.05144546953055823 32
1722245865352 0.045066413985048424 33
1722245865673 0.04754835622556581 34
1722245865990 0.04533984639848005 35
1722245866307 0.050755529332358565 36
1722245866625 0.04377463194547262 37
1722245866940 0.04247039579468736 38
1722245867263 0.04383372852861485 39
1722245867591 0.04395249967922141 40
1722245867924 0.04111757874295844 41
1722245868249 0.038636057744940645 42
1722245868585 0.038340124335023235 43
1722245868939 0.042654609394772294 44
1722245869281 0.03830907349545892 45
1722245869622 0.0480818271590646 46
1722245869965 0.03862561752085795 47
1722245870369 0.03624170086152132 48
1722245870716 0.03486189815328181 49
1722245871177 0.0350336804304113 50
1722245871516 0.0351388837316816 51
1722245871872 0.03554098041764485 52
1722245872229 0.03587816045041391 53
1722245872562 0.03324330874099238 54
1722245872920 0.03383306709842371 55
1722245873281 0.03031113884300624 56
1722245873659 0.03232837578870692 57
1722245874013 0.03149844228850166 58
1722245874369 0.030454703870253064 59
1722245874713 0.031321091606680375 60
1722245875060 0.02941584603826719 61
1722245875415 0.029237720717998756 62
1722245875760 0.03258727972339913 63
1722245876150 0.03202323480733569 64
1722245876588 0.02638461387971459 65
1722245876955 0.028281968645092106 66
1722245877341 0.028057045633131883 67
1722245877714 0.028711816379448238 68
1722245878123 0.029162806958225325 69
1722245878552 0.026804302938242607 70
1722245878888 0.024406827688236463 71
1722245879260 0.02667939152587556 72
1722245879609 0.03178240319717488 73
1722245879973 0.030007889081609482 74
1722245880277 0.024591469678894636 75
1722245880633 0.025750893364193898 76
1722245881008 0.02361173970755714 77
1722245881358 0.022288983336763536 78
1722245881750 0.02250822034819324 79
1722245882103 0.020406133462624258 80
1722245882459 0.02265715779430432 81
1722245882850 0.02203941901901615 82
1722245883190 0.019999681383839667 83
1722245883559 0.020665493775290995 84
1722245883917 0.021514769775901995 85
1722245884285 0.018984215409724753 86
1722245884650 0.018511122711047212 87
1722245885071 0.021865764829828535 88
1722245885447 0.025349281959530293 89
1722245885840 0.018294612239530664 90
1722245886174 0.01702139548541783 91
1722245886549 0.018716138734817866 92
1722245886912 0.017634966797876458 93
1722245887290 0.01809850110902551 94
1722245887654 0.020341924479837698 95
1722245888054 0.0209828449084781 96
1722245888411 0.02440808821637444 97
1722245888832 0.019895923206448538 98
1722245889198 0.017132149953951573 99
