1722262517717 0.6287292811747475 0
1722262518538 0.3091729105579032 1
1722262519377 0.15197076884432378 2
1722262520262 0.12048004590781565 3
1722262521117 0.10958123748999476 4
1722262521950 0.10249081065071265 5
1722262522775 0.09439344377102701 6
1722262523639 0.09196863509103478 7
1722262524497 0.08883274511272189 8
1722262525312 0.08501385444264774 9
1722262526168 0.08472747630384216 10
1722262526997 0.08193641107454137 11
1722262527920 0.07754868039440932 12
1722262528991 0.07724644906289439 13
1722262530044 0.07592552880758326 14
1722262531057 0.07353671156210904 15
1722262532120 0.0727723155732271 16
1722262533140 0.06768815200875572 17
1722262534210 0.06704240706267597 18
1722262535241 0.06470042355056255 19
1722262536312 0.06703319349600395 20
1722262537408 0.06262160981779342 21
1722262538509 0.06148601701234499 22
1722262539577 0.06122420872046198 23
1722262540600 0.05879010685705558 24
1722262541649 0.06431479577989575 25
1722262542761 0.06257301782750133 26
1722262543927 0.060660486522064246 27
1722262545070 0.05648427263300778 28
1722262546173 0.057546547904644085 29
1722262547282 0.05746214838942635 30
1722262548407 0.05833193506197008 31
1722262549563 0.0562072930864937 32
1722262550600 0.056592810079468245 33
1722262551665 0.05299819733195188 34
1722262552787 0.05461233973302406 35
1722262553851 0.0527859806571882 36
1722262554963 0.053877315375271385 37
1722262556140 0.053503089235908026 38
1722262557239 0.05307859322852245 39
1722262558338 0.051993483232108784 40
1722262559549 0.04846387173230399 41
1722262560750 0.0465600236377384 42
1722262561926 0.048273518282686605 43
1722262563083 0.047403973678586564 44
1722262564303 0.04839641455335128 45
1722262565479 0.04627789873173073 46
1722262566734 0.04600576939071899 47
1722262567991 0.046007368018864514 48
1722262569199 0.04506091862227662 49
