1722258263172 0.8885665576171019 0
1722258264375 0.8076779169753062 1
1722258265569 0.7415071818376119 2
1722258266781 0.6815359159941254 3
1722258268112 0.6316821922026569 4
1722258269546 0.5901373023711797 5
1722258270877 0.5517754756278314 6
1722258272094 0.5253318962069337 7
1722258273298 0.4964541718196507 8
1722258274709 0.4707737995324162 9
1722258276110 0.4505636704192428 10
1722258277527 0.429283278302565 11
1722258278900 0.40845897309501394 12
1722258280055 0.3917038553768933 13
1722258281238 0.375138350645509 14
