1722257769967 0.26908477077859194 0
1722257771706 0.16838334108897596 1
1722257773390 0.14428260856559086 2
1722257775070 0.12771004017174212 3
1722257776722 0.11663156959846258 4
1722257778481 0.10919846981851328 5
1722257780134 0.10453306014231914 6
1722257781736 0.09746709548450261 7
1722257783452 0.09198976957057964 8
1722257785074 0.08683653476118444 9
1722257786735 0.0829140396489265 10
1722257788395 0.08138818040353774 11
1722257790072 0.08081201419422117 12
1722257791799 0.07853591783437637 13
1722257793644 0.07338486333427353 14
1722257795340 0.07335743728264114 15
1722257797036 0.07067012975156112 16
1722257798746 0.0709572367934937 17
1722257800452 0.07182924215479375 18
1722257802169 0.06997499880729109 19
