1722262677282 0.6255810028467951 0
1722262677805 0.4939591399109481 1
1722262678367 0.27870409710175464 2
1722262678872 0.1451540368787161 3
1722262679367 0.12032848839865018 4
1722262679883 0.11018674882288693 5
1722262680433 0.10671343968576809 6
1722262681032 0.10152262323308416 7
1722262681729 0.0993218027445097 8
1722262682406 0.09556338347609107 9
1722262682934 0.0943152163389371 10
1722262683616 0.09334568259650573 11
1722262684146 0.09150945594265061 12
1722262684743 0.08994684373646938 13
1722262685247 0.0888514275548578 14
