1722256756275 0.1191652152778015 0
1722256779673 0.0717721719387581 1
1722256803424 0.0629955005459391 2
1722256826888 0.05324077267380519 3
1722256850131 0.05214010823040074 4
1722256873585 0.045460861833051085 5
1722256896929 0.038436540037244324 6
1722256920107 0.03832280492187164 7
1722256944145 0.03746018247388431 8
1722256967783 0.03183283586202354 9
1722256991645 0.030535486882687275 10
1722257015320 0.03160718385969017 11
1722257038824 0.031243218235860324 12
1722257062298 0.0234436933030618 13
1722257085679 0.028936634885227304 14
