1722260553919 0.4285078371688917 0
1722260555027 0.14557169035059084 1
1722260556073 0.1054723182710171 2
1722260557117 0.09688175150179283 3
1722260558143 0.09327364642609845 4
1722260559176 0.08765831435502265 5
1722260560208 0.08400725136378992 6
1722260561308 0.08215106105162698 7
1722260562365 0.08377842101289538 8
1722260563470 0.07883266577642829 9
1722260564566 0.07730170094509896 10
1722260565619 0.07573177501047199 11
1722260566715 0.07409107868298001 12
1722260567809 0.0726475756550428 13
1722260568937 0.06971806004484869 14
1722260569967 0.07043122951770525 15
1722260571032 0.06791631340404142 16
1722260572133 0.06905670615083256 17
1722260573196 0.06530928274189134 18
1722260574270 0.06387036164958455 19
1722260575296 0.060957644889660295 20
1722260576351 0.06021801135505168 21
1722260577436 0.05860796720986024 22
1722260578490 0.05717249080523311 23
1722260579531 0.05701219622046399 24
1722260580555 0.05737710056208593 25
1722260581545 0.05687019208028329 26
1722260582548 0.05152863052441571 27
1722260583606 0.06150291230853765 28
1722260584621 0.0521917187543967 29
1722260585664 0.04824991561224749 30
1722260586673 0.04771674435860422 31
1722260587712 0.049353971504841915 32
1722260588784 0.04727636262622651 33
1722260589883 0.04530411406880606 34
1722260590938 0.04648443765776173 35
1722260591989 0.04443219935260469 36
1722260593043 0.04411594463250804 37
1722260594237 0.04458347236069553 38
1722260595541 0.04149751581716076 39
1722260596612 0.03996480110457141 40
1722260597705 0.0425429582902031 41
1722260598751 0.04272043904792334 42
1722260599782 0.042316908470963366 43
1722260600875 0.03867623617638117 44
1722260601898 0.03967123014581901 45
1722260603032 0.03973509637345265 46
1722260604157 0.038939320647156606 47
1722260605167 0.038169878103164495 48
1722260606250 0.03688042364938002 49
