1722260430729 0.6692678220550788 0
1722260431330 0.6471255755222763 1
1722260431995 0.6198282246350049 2
1722260432635 0.5864584388932176 3
1722260433251 0.5491941896379972 4
1722260433843 0.5094257553373875 5
1722260434433 0.4655703070702649 6
1722260435016 0.4176558606201782 7
1722260435599 0.3704530665436427 8
1722260436249 0.32882252031915693 9
1722260436862 0.2937888426162937 10
1722260437490 0.2597865382663904 11
1722260438111 0.2255260964488555 12
1722260438756 0.19556099826644027 13
1722260439357 0.1718213440706602 14
1722260440011 0.15498320179124753 15
1722260440589 0.1429224944324655 16
1722260441191 0.13529083787870003 17
1722260441818 0.12866669389054353 18
1722260442484 0.12484282340601593 19
1722260443128 0.12020615438500169 20
1722260443745 0.11773464670866352 21
1722260444352 0.11581047901864744 22
1722260444991 0.11373824523506161 23
1722260445668 0.11126766955707382 24
1722260446301 0.11080635618209386 25
1722260446917 0.10869940890485276 26
1722260447548 0.10870934844768392 27
1722260448177 0.10678878478529621 28
1722260448869 0.10687867624154776 29
1722260449519 0.10614090808992908 30
1722260450103 0.10518820510999956 31
1722260450661 0.10578123628681464 32
1722260451248 0.10465292333643109 33
1722260451854 0.10337382665653752 34
1722260452512 0.10289836521568416 35
1722260453177 0.10211515530848664 36
1722260453836 0.10206278195458977 37
1722260454474 0.1018977460627203 38
1722260455094 0.10183686408338265 39
1722260455754 0.09951009356261246 40
1722260456426 0.09932381056211831 41
1722260457091 0.09992793471230947 42
1722260457782 0.0981694003964331 43
1722260458465 0.09946645807106247 44
1722260459137 0.09754774259910581 45
1722260459841 0.09879907979555151 46
1722260460561 0.09938797145693377 47
1722260461230 0.09677232615360219 48
1722260461892 0.09714113895452778 49
